,c1_c2,c2_c3,c3_c0,p1,p2,p3,p4
0,6.7910682750128775,6.999999652201162,17.660043150656026,[  11.20083141 -158.27005005],[  12.91868973 -151.65808105],[  18.92899132 -148.49661255],[  25.92893219 -148.52529907]
1,6.7910682750128775,6.999999652201162,17.660043150656026,[  11.20083141 -158.27005005],[  12.91868973 -151.65808105],[  18.92899132 -148.49661255],[  25.92893219 -148.52529907]
2,6.7910682750128775,6.999999652201162,17.660043150656026,[  11.20083141 -158.27005005],[  12.91868973 -151.65808105],[  18.92899132 -148.49661255],[  25.92893219 -148.52529907]
3,6.791115549279263,6.999132191696806,17.66761241217526,[  11.20083237 -158.27005005],[  12.92549324 -151.65176392],[  18.93982315 -148.49786377],[  25.93889618 -148.52664185]
4,6.780264964191807,7.001907737391727,17.699732438322155,[  11.20083237 -158.27005005],[  12.95864868 -151.62142944],[  18.98013306 -148.50474548],[  25.98198128 -148.53361511]
5,6.765965808977892,7.002883458447066,17.757392268121656,[  11.20083237 -158.27005005],[  13.01717377 -151.56758118],[  19.05656052 -148.51731873],[  26.05938339 -148.54644775]
6,6.748715004450079,7.002838000244053,17.8381298825858,[  11.20083237 -158.27005005],[  13.09872437 -151.49301147],[  19.16496086 -148.53565979],[  26.16773796 -148.56486511]
7,6.72768330960396,7.003282038039,17.942300856202415,[  11.20083237 -158.27005005],[  13.20435905 -151.39733887],[  19.30466461 -148.56044006],[  26.30788422 -148.5900116 ]
8,6.701736866207167,7.001561383109329,18.06772137960928,[  11.20083237 -158.27005005],[  13.335742   -151.28012085],[  19.47529793 -148.59327698],[  26.47680092 -148.62187195]
9,6.673598599418509,7.000925838232469,18.21585699154433,[  11.20083237 -158.27005005],[  13.49146938 -151.14320374],[  19.67564011 -148.6346283 ],[  26.67651367 -148.66168213]
10,6.645423828679126,7.00031552855077,18.384004777403657,[  11.20083237 -158.27005005],[  13.67065811 -150.98919678],[  19.90309334 -148.68302917],[  26.90335846 -148.70959473]
11,6.6198786559172715,6.999877711879986,18.570909841253247,[  11.20083237 -158.27005005],[  13.8716259  -150.82145691],[  20.15563965 -148.73963928],[  27.15546799 -148.76593018]
12,6.598214176138707,6.999514291940462,18.777628605746358,[  11.20083237 -158.27005005],[  14.09651375 -150.64028931],[  20.43452263 -148.80560303],[  27.43398857 -148.83161926]
13,6.5821964891298546,6.9991908806211764,19.00459774497088,[  11.20083237 -158.27005005],[  14.34648418 -150.44708252],[  20.7396965  -148.88114929],[  27.7388401  -148.90687561]
14,6.573705876362659,6.99886759219096,19.252083031712274,[  11.20083237 -158.27005005],[  14.62239265 -150.24403381],[  21.07068253 -148.96607971],[  28.06950378 -148.99154663]
15,6.572749232867439,6.99986592488618,19.520288387454038,[  11.20083237 -158.27005005],[  14.92468548 -150.03430176],[  21.42531204 -149.0632782 ],[  28.4251442  -149.08502197]
16,6.58346117027742,7.000258764620909,19.80954551363227,[  11.20083237 -158.27005005],[  15.25386906 -149.82119751],[  21.80470085 -149.16654968],[  28.80493164 -149.18634033]
17,6.605268407960424,7.001597258489697,20.12089325075515,[  11.20083237 -158.27005005],[  15.60998821 -149.60531616],[  22.20720673 -149.27931213],[  29.20878792 -149.29431152]
18,6.631295060127802,7.01105294905134,20.455129978852387,[  11.20083237 -158.27005005],[  15.99394608 -149.39131165],[  22.62519455 -149.41616821],[  29.63624191 -149.40731812]
19,6.650141688697208,7.040733499694068,20.809904953204377,[  11.20083237 -158.27005005],[  16.40725136 -149.18869019],[  23.04503059 -149.59399414],[  30.08545494 -149.52801514]
20,6.672527228705441,7.085013057509812,21.190431056312285,[  11.20083237 -158.27005005],[  16.84952927 -148.99856567],[  23.47423744 -149.79597473],[  30.5576973  -149.64762878]
21,6.716446463709029,7.112282032594341,21.596643147216326,[  11.20083237 -158.27005005],[  17.32039452 -148.82872009],[  23.94192123 -149.9539032 ],[  31.05165672 -149.76359558]
22,6.764956639897763,7.121676842339887,22.014187035064822,[  11.20083237 -158.27005005],[  17.81419563 -148.68582153],[  24.43219376 -150.08822632],[  31.55061722 -149.87298584]
23,6.81167991761621,7.1422934215010265,22.44665992448421,[  11.20083237 -158.27005005],[  18.30918694 -148.57000732],[  24.9205246  -150.20988464],[  32.05899048 -149.97608948]
24,6.8538724895773875,7.172105514548353,22.89699740876098,[  11.20083237 -158.27005005],[  18.81089401 -148.47370911],[  25.41214752 -150.31735229],[  32.5800705  -150.07244873]
25,6.903342174183679,7.213041799237032,23.372795366466786,[  11.20083237 -158.27005005],[  19.31953621 -148.36689758],[  25.91348076 -150.41043091],[  33.12224579 -150.16207886]
26,6.968219953349316,7.258728334111174,23.87194907232143,[  11.20083237 -158.27005005],[  19.83217239 -148.24263   ],[  26.42828369 -150.48927307],[  33.68284225 -150.24327087]
27,7.019421352157808,7.307876431309683,24.395401580792395,[  11.20083237 -158.27005005],[  20.35658455 -148.16859436],[  26.95845795 -150.55345154],[  34.26240921 -150.31396484]
28,7.055873764400735,7.357440536720674,24.940797407942185,[  11.20083237 -158.27005005],[  20.88440323 -148.16165161],[  27.50477219 -150.60215759],[  34.85866928 -150.37384033]
29,7.075583045877643,7.407910856219339,25.508852515064973,[  11.20083237 -158.27005005],[  21.42554665 -148.19624329],[  28.06737709 -150.63549805],[  35.47219086 -150.42131042]
30,7.080764366844948,7.457887574540104,26.097657717129792,[  11.20083237 -158.27005005],[  21.97908211 -148.26660156],[  28.64591217 -150.65209961],[  36.10122299 -150.45606995]
31,7.074784145991871,7.508024446296073,26.70725143414056,[  11.20083237 -158.27005005],[  22.54550743 -148.36610413],[  29.24020004 -150.65382385],[  36.74617004 -150.47819519]
32,7.064737979280668,7.557637597892722,27.336116124087027,[  11.20083237 -158.27008057],[  23.11602974 -148.50509644],[  29.84985733 -150.64193726],[  37.40593338 -150.48831177]
33,7.067245469648261,7.607483926132012,27.98227190125973,[  11.20072842 -158.26338196],[  23.67063141 -148.70562744],[  30.47442055 -150.61727905],[  38.08079147 -150.4871521 ]
34,7.090306546523284,7.657296182263411,28.64198264141937,[  11.20024014 -158.23893738],[  24.21107864 -148.96026611],[  31.11357117 -150.58139038],[  38.7701416  -150.47596741]
35,7.111552634482081,7.707441375131056,29.31186448721729,[  11.19949818 -158.18487549],[  24.78309822 -149.19512939],[  31.76705742 -150.53620911],[  39.47408295 -150.45614624]
36,7.139476973399513,7.757660123776989,29.992440885573927,[  11.19818974 -158.10134888],[  25.37659073 -149.40919495],[  32.43470001 -150.48400879],[  40.19215012 -150.42692566]
37,7.17520649319196,7.807963147776276,30.68350207284259,[  11.19650745 -157.98817444],[  25.98729515 -149.61485291],[  33.11637497 -150.42713928],[  40.92424774 -150.38957214]
38,7.217564660224313,7.858881583032333,31.384736289452018,[  11.19413662 -157.84614563],[  26.61537933 -149.81138611],[  33.81168365 -150.36495972],[  41.6705513  -150.35015869]
39,7.265440197628821,7.910095803698931,32.09463434129808,[  11.19137383 -157.67042542],[  27.26217461 -149.98881531],[  34.52082062 -150.302948  ],[  42.43091202 -150.31129456]
40,7.316573554490324,7.961341685286996,32.81424640273686,[  11.18810558 -157.46313477],[  27.927948   -150.14108276],[  35.24378967 -150.24456787],[  43.20507812 -150.27368164]
41,7.368772657571468,8.012555184586825,33.54420703317845,[  11.18434811 -157.22554016],[  28.61203957 -150.26803589],[  35.98040771 -150.19082642],[  43.99282074 -150.23855591]
42,7.420358435840475,8.063741103188141,34.285618714002055,[  11.18015862 -156.96090698],[  29.31355667 -150.36885071],[  36.73048019 -150.14309692],[  44.7939682  -150.20698547]
43,7.470137528692094,8.114248809196017,35.03876976953243,[  11.17557144 -156.67181396],[  30.03142929 -150.44319153],[  37.49379349 -150.10249329],[  45.60767365 -150.17984009]
44,7.517433523380088,8.159568476677448,35.79939233662946,[  11.17055511 -156.3563385 ],[  30.76439476 -150.48963928],[  38.2700882  -150.06967163],[  46.42918396 -150.15750122]
45,7.561869457709013,8.201116943383365,36.56947315705724,[  11.16510105 -156.01411438],[  31.51166725 -150.51203918],[  39.05909348 -150.04489136],[  47.25966263 -150.13967896]
46,7.603565763563706,8.240314600364261,37.35105200303575,[  11.15921593 -155.64543152],[  32.27245331 -150.51385498],[  39.86051178 -150.02848816],[  48.10024643 -150.12625122]
47,7.643067737064565,8.277964498677543,38.145601339415535,[  11.15290356 -155.25082397],[  33.04598618 -150.49771118],[  40.6740799  -150.01951599],[  48.95146942 -150.11708069]
48,7.680919335850668,8.314478810194613,38.95423314002368,[  11.1461935  -154.83137512],[  33.83181    -150.46710205],[  41.49953079 -150.01701355],[  49.81346893 -150.11183167]
49,7.717648841941464,8.350113610922252,39.775582598328256,[  11.14137077 -154.38800049],[  34.62963486 -150.42585754],[  42.33660889 -150.02008057],[  50.68623734 -150.11009216]
50,7.753689541017174,8.384997020881444,40.60615164335267,[  11.1427021  -153.92189026],[  35.43931198 -150.3777771 ],[  43.18509293 -150.02766418],[  51.56967163 -150.11141968]
51,7.7893435868346685,8.419210267608149,41.44273290153349,[  11.15400505 -153.43414307],[  36.260746   -150.32652283],[  44.04476547 -150.03857422],[  52.46362686 -150.11521912]
52,7.82476010314987,8.45278226657857,42.28176495146407,[  11.17937469 -152.92695618],[  37.09386063 -150.27537537],[  44.91542435 -150.05174255],[  53.36792374 -150.12089539]
53,7.8599555805278,8.485736696587386,43.12281710671645,[  11.22038078 -152.41719055],[  37.93856812 -150.22706604],[  45.796875   -150.06608582],[  54.28238678 -150.12786865]
54,7.894850681407432,8.518089077660502,43.96631495514996,[  11.27624893 -151.90823364],[  38.79473114 -150.18370056],[  46.68891907 -150.08140564],[  55.20683289 -150.13604736]
55,7.929363014029172,8.549847358941651,44.805289278412666,[  11.35333443 -151.3981781 ],[  39.66218185 -150.14675903],[  47.59138489 -150.09638977],[  56.14109421 -150.14497375]
56,7.9634049012334795,8.580986444910497,45.63419821279617,[  11.45682621 -150.89665222],[  40.54069901 -150.11708069],[  48.5041008  -150.11004639],[  57.0849762  -150.15370178]
57,7.996861111793047,8.611537204849592,46.45276971945949,[  11.58617687 -150.40689087],[  41.43003845 -150.09492493],[  49.42685318 -150.12216187],[  58.03829956 -150.16171265]
58,8.029670621026135,8.641502780829443,47.25778376390583,[  11.74372005 -149.92938232],[  42.32997131 -150.08007812],[  50.35947037 -150.13256836],[  59.00089645 -150.16897583]
59,8.061824633588898,8.670893445108605,48.04938710170967,[  11.92836857 -149.47094727],[  43.24023819 -150.07194519],[  51.30176544 -150.14118958],[  59.9725914  -150.17539978]
60,8.093311204285211,8.699715654475867,48.83178508927554,[  12.13480663 -149.03755188],[  44.16061783 -150.06962585],[  52.25354767 -150.14819336],[  60.95320129 -150.18104553]
61,8.124147799616276,8.72798816543069,49.60493244265196,[  12.3621664  -148.62611389],[  45.09090042 -150.07199097],[  53.21463776 -150.15365601],[  61.94256592 -150.1860199 ]
62,8.154369494548815,8.755717405285226,50.36746607885065,[  12.61107159 -148.23350525],[  46.03087234 -150.07792664],[  54.18484879 -150.1579895 ],[  62.94050598 -150.19046021]
63,8.184017185591886,8.78290968548513,51.118521715425885,[  12.88170528 -147.85948181],[  46.98035049 -150.08630371],[  55.16402054 -150.16168213],[  63.9468689  -150.19450378]
64,8.213084842745587,8.80956884163171,51.85855367503083,[  13.1729908  -147.50320435],[  47.93915558 -150.09684753],[  56.15195847 -150.16490173],[  64.96146393 -150.19831848]
65,8.241611987853018,8.83571310391072,52.58648062230559,[  13.48536015 -147.16629028],[  48.90710449 -150.10801697],[  57.14849854 -150.16795349],[  65.98414612 -150.20198059]
66,8.269600347783301,8.861346767920212,53.301091497453235,[  13.81952286 -146.84817505],[  49.88404846 -150.1187439 ],[  58.15348434 -150.17089844],[  67.01476288 -150.20567322]
67,8.297032017775342,8.886469252851551,54.001956453346764,[  14.17538071 -146.54891968],[  50.86982346 -150.12879944],[  59.16673279 -150.17391968],[  68.0531311  -150.20942688]
68,8.323938003979954,8.9111030099261,54.68953921101359,[  14.55192089 -146.27000427],[  51.86423874 -150.13780212],[  60.18808365 -150.1771698 ],[  69.09911346 -150.21328735]
69,8.350312871555856,8.935240263889767,55.36445880588387,[  14.94794846 -146.01296997],[  52.86713791 -150.14552307],[  61.21737671 -150.18069458],[  70.15254211 -150.2172699 ]
70,8.376176651728157,8.95890401008894,56.02753073383372,[  15.36215496 -145.77905273],[  53.87835312 -150.15205383],[  62.25446701 -150.18447876],[  71.21329498 -150.22138977]
71,8.40151185822227,8.98210193126856,56.68019804328939,[  15.79257679 -145.56954956],[  54.89773178 -150.157547  ],[  63.29918671 -150.18847656],[  72.28121185 -150.22561646]
72,8.426354925328399,9.004815012568944,57.32452315221455,[  16.23667145 -145.38555908],[  55.9250946  -150.16226196],[  64.35139465 -150.19267273],[  73.35613251 -150.22994995]
73,8.450697121959015,9.027100725219018,57.96277397759912,[  16.69181061 -145.22784424],[  56.96029282 -150.16639709],[  65.41093445 -150.19702148],[  74.43795776 -150.23440552]
74,8.474575552243172,9.04890541130984,58.59705521124843,[  17.15550995 -145.09671021],[  58.00315857 -150.17019653],[  66.47767639 -150.20147705],[  75.52650452 -150.23887634]
75,8.497959207952194,9.070282981496058,59.22946185103271,[  17.62544632 -144.99209595],[  59.05355453 -150.17372131],[  67.55145264 -150.20594788],[  76.62165833 -150.24339294]
76,8.520855029530377,9.091233246508107,59.861932294413045,[  18.0994873  -144.91366577],[  60.11132812 -150.17724609],[  68.63211823 -150.21051025],[  77.72327423 -150.24798584]
77,8.543315656461896,9.111748514492437,60.496194577099146,[  18.57578468 -144.86083984],[  61.17631149 -150.1809082 ],[  69.71955872 -150.21510315],[  78.83123016 -150.25257874]
78,8.565302349952125,9.131852050104532,61.13366421582285,[  19.05284119 -144.83293152],[  62.24838257 -150.18476868],[  70.81361389 -150.21965027],[  79.94538879 -150.25718689]
79,8.586857208608118,9.151535847283784,61.77548744411114,[  19.52947998 -144.8291626 ],[  63.32738495 -150.18884277],[  71.91416931 -150.22421265],[  81.06562805 -150.26177979]
80,8.607961068240712,9.170800094135723,62.422607019274245,[  20.0047245  -144.84880066],[  64.41318512 -150.19311523],[  73.02107239 -150.22875977],[  82.19179535 -150.26637268]
81,8.628644874911615,9.1896750577794,63.07367648576638,[  20.4811573  -144.87753296],[  65.50564575 -150.19754028],[  74.13421631 -150.23335266],[  83.32381439 -150.27096558]
82,8.6489083726651,9.208176247199841,63.73267359157839,[  20.95734596 -144.88389587],[  66.60461426 -150.20211792],[  75.25344849 -150.2379303 ],[  84.46154785 -150.27555847]
83,8.668751943263894,9.226273394067759,64.41917067911847,[  21.41695595 -144.82655334],[  67.70998383 -150.20678711],[  76.37866211 -150.24252319],[  85.6048584  -150.28024292]
84,8.688191099626948,9.244011962425763,65.12213894824879,[  21.86775589 -144.74307251],[  68.8216095  -150.21147156],[  77.50972748 -150.24711609],[  86.75366211 -150.28492737]
85,8.70722609186061,9.261376631186316,65.81235077403338,[  22.33257675 -144.70819092],[  69.9393692  -150.21617126],[  78.64652252 -150.25177002],[  87.90782166 -150.28965759]
86,8.725864422810401,9.278375279491534,66.50704397960227,[  22.79275894 -144.73716736],[  71.06312561 -150.22087097],[  79.78891754 -150.25643921],[  89.06721497 -150.29444885]
87,8.744129041897361,9.295022916312893,67.20209658775293,[  23.25484276 -144.80245972],[  72.19275665 -150.22555542],[  80.93681335 -150.26112366],[  90.23175812 -150.29924011]
88,8.762020196487853,9.311304157640803,67.90210592431805,[  23.71438026 -144.90281677],[  73.32815552 -150.23017883],[  82.09010315 -150.26583862],[  91.40132904 -150.30401611]
89,8.779507432161443,9.327249458410279,68.6360540358786,[  24.14143562 -145.05076599],[  74.46918488 -150.23477173],[  83.24861908 -150.27062988],[  92.57579041 -150.30880737]
90,8.796651224765245,9.342867072968362,69.40273481324387,[  24.53917122 -145.22505188],[  75.61573792 -150.23939514],[  84.41231537 -150.27542114],[  93.75510406 -150.31369019]
91,8.813420805771235,9.358156688959877,70.17197642497445,[  24.94260216 -145.35964966],[  76.76771545 -150.24409485],[  85.58106232 -150.28019714],[  94.93914032 -150.318573  ]
92,8.82984725459007,9.373118181324669,70.96138403453709,[  25.33152962 -145.48524475],[  77.92497253 -150.24876404],[  86.75474548 -150.2849884 ],[  96.12778473 -150.32345581]
93,8.845937700072056,9.387759179257968,71.77269700308253,[  25.70358849 -145.60890198],[  79.08740997 -150.25352478],[  87.93327332 -150.28979492],[  97.32095337 -150.32833862]
94,8.861677446736143,9.402102320267712,72.60442641141252,[  26.06031036 -145.72827148],[  80.25492859 -150.25830078],[  89.11653137 -150.29467773],[  98.51855469 -150.33322144]
95,8.877089069708278,9.416132909127157,73.45544837422673,[  26.40273666 -145.84236145],[  81.42740631 -150.26309204],[  90.30442047 -150.29956055],[  99.72047424 -150.33816528]
96,8.892179947554151,9.429858512582523,74.3248557813908,[  26.73168182 -145.95077515],[  82.60475159 -150.26795959],[  91.49685669 -150.30444336],[ 100.92663574 -150.34315491]
97,8.906935072589167,9.443294013704133,75.21182951908935,[  27.04783821 -146.0532074 ],[  83.78686523 -150.27284241],[  92.69372559 -150.30932617],[ 102.13694    -150.34809875]
98,8.921377457887596,9.456462550945904,76.11566996865318,[  27.35180855 -146.14953613],[  84.97363281 -150.27772522],[  93.89493561 -150.31422424],[ 103.35131836 -150.35307312]
99,8.935522549122519,9.469340922999333,77.03572863783288,[  27.644104   -146.23973083],[  86.16496277 -150.28260803],[  95.10041046 -150.31918335],[ 104.56967163 -150.35804749]
100,8.94936252967781,9.481952268638157,77.97143240178198,[  27.92516708 -146.3238678 ],[  87.36074829 -150.28749084],[  96.31003571 -150.32415771],[ 105.79190826 -150.36303711]
101,8.962919975037567,9.494266008029516,78.92221538300261,[  28.19542885 -146.40211487],[  88.56090546 -150.29243469],[  97.52375031 -150.32913208],[ 107.01793671 -150.36801147]
102,8.976149484169644,9.506328042193081,79.88753872721695,[  28.4553051  -146.47470093],[  89.76535034 -150.29736328],[  98.74142456 -150.3341217 ],[ 108.24767303 -150.37301636]
103,8.989126975606634,9.518123362095517,80.86690787205903,[  28.70518494 -146.54187012],[  90.97395325 -150.30235291],[  99.96300507 -150.33911133],[ 109.48104858 -150.37809753]
104,9.001814802222455,9.52965897241215,81.85984323328408,[  28.94543076 -146.60388184],[  92.1866684  -150.30734253],[ 101.1884079  -150.34416199],[ 110.71798706 -150.38316345]
105,9.01423578967771,9.540958011196036,82.86586588116991,[  29.17640495 -146.66101074],[  93.40336609 -150.31231689],[ 102.41752625 -150.34924316],[ 111.95840454 -150.38824463]
106,9.026412451216949,9.551990148274985,83.88452668688241,[  29.39843941 -146.71356201],[  94.62397003 -150.31730652],[ 103.6503067  -150.35429382],[ 113.2022171  -150.39332581]
107,9.038291694027219,9.56276282580843,84.91848611111067,[  29.60878181 -146.76126099],[  95.84844208 -150.32228088],[ 104.88665771 -150.35935974],[ 114.44934082 -150.39840698]
108,9.049911602499018,9.573314626833819,85.96341241930092,[  29.8116684  -146.80528259],[  97.07666779 -150.32725525],[ 106.12650299 -150.36444092],[ 115.69973755 -150.40359497]
109,9.061264296527868,9.583645052726302,87.00969518940808,[  30.01652336 -146.84768677],[  98.30856323 -150.33227539],[ 107.36975098 -150.36952209],[ 116.95331573 -150.40875244]
110,9.072380293221165,9.593739094576556,88.05269263890392,[  30.22789574 -146.88905334],[  99.54404449 -150.33734131],[ 108.61634827 -150.37460327],[ 118.21000671 -150.41394043]
111,9.083259655586225,9.603611886297681,89.09218487516051,[  30.44594193 -146.92906189],[ 100.78302765 -150.34242249],[ 109.86621094 -150.37966919],[ 119.46974182 -150.41911316]
112,9.093879808635014,9.613309141121722,90.12856163695031,[  30.67022705 -146.96795654],[ 102.02545929 -150.3474884 ],[ 111.1192627  -150.38476562],[ 120.73249054 -150.42430115]
113,9.104270956783521,9.622777265176019,91.16185783984704,[  30.90063477 -147.00448608],[ 103.27124023 -150.35263062],[ 112.37543488 -150.38990784],[ 121.9981308  -150.42947388]
114,9.114456113201344,9.632016446619971,92.19205416627739,[  31.13712502 -147.03863525],[ 104.52029419 -150.35780334],[ 113.63467407 -150.39508057],[ 123.26660919 -150.43466187]
115,9.124442969558519,9.641026685554763,93.21993614049585,[  31.37886429 -147.07022095],[ 105.77256775 -150.36296082],[ 114.89693451 -150.4002533 ],[ 124.53787994 -150.43983459]
116,9.134200883750182,9.649846191372683,94.24690050000987,[  31.62439346 -147.09887695],[ 107.02798462 -150.3681488 ],[ 116.16210938 -150.40544128],[ 125.81187439 -150.44502258]
117,9.143699712341256,9.658497539698562,95.27437021759785,[  31.87222862 -147.12434387],[ 108.28649139 -150.37332153],[ 117.43011475 -150.41069031],[ 127.08853149 -150.45019531]
118,9.153038325141459,9.666950838190058,96.3037365673113,[  32.1209259  -147.14648438],[ 109.547966   -150.37850952],[ 118.70092773 -150.41595459],[ 128.36779785 -150.45545959]
119,9.162185830363153,9.675213777785109,97.33637131537246,[  32.36904526 -147.16520691],[ 110.8123703  -150.38369751],[ 119.97447968 -150.42112732],[ 129.64961243 -150.46072388]
120,9.171081941920287,9.683308622487818,98.37341613140319,[  32.61539078 -147.18058777],[ 112.07969666 -150.38887024],[ 121.2507019  -150.42637634],[ 130.93392944 -150.46600342]
121,9.179795074707615,9.691227992586198,99.41544292721844,[  32.85932159 -147.19270325],[ 113.349823   -150.39402771],[ 122.52954102 -150.43164062],[ 132.22068787 -150.47129822]
122,9.188302153501638,9.698956754344392,100.46255481692654,[  33.10065079 -147.20166016],[ 114.62271118 -150.39920044],[ 123.81093597 -150.43690491],[ 133.5098114  -150.47662354]
123,9.196610870062232,9.706532679637789,101.51461690546034,[  33.33946609 -147.20777893],[ 115.89828491 -150.40438843],[ 125.09481812 -150.44218445],[ 134.80126953 -150.48190308]
124,9.204744175212625,9.713933192825396,102.57107509112703,[  33.5762558  -147.21118164],[ 117.17648315 -150.40956116],[ 126.38114929 -150.44746399],[ 136.09500122 -150.48719788]
125,9.212717076276014,9.721165985591714,103.63144765742109,[  33.81147003 -147.21183777],[ 118.4572525  -150.41477966],[ 127.66989136 -150.45274353],[ 137.39097595 -150.49252319]
126,9.22049905551827,9.72824606688812,104.69518631076193,[  34.045578   -147.21018982],[ 119.74054718 -150.42004395],[ 128.96096802 -150.45802307],[ 138.68913269 -150.49781799]
127,9.228128071703688,9.735143669443602,105.76140888860371,[  34.27938461 -147.20631409],[ 121.02628326 -150.42530823],[ 130.2543335  -150.46321106],[ 139.98939514 -150.50317383]
128,9.235566168505963,9.741888436166755,106.82944789737765,[  34.51353836 -147.20019531],[ 122.31445312 -150.4306488 ],[ 131.54994202 -150.46842957],[ 141.29174805 -150.50849915]
129,9.242844176261034,9.74851107138198,107.89888486345437,[  34.74840927 -147.19194031],[ 123.60494995 -150.43600464],[ 132.84771729 -150.47369385],[ 142.59614563 -150.51385498]
130,9.249977414484402,9.754965421610116,108.96943932509912,[  34.98422623 -147.18164062],[ 124.89775848 -150.44139099],[ 134.1476593  -150.47903442],[ 143.90254211 -150.5191803 ]
131,9.256920354461668,9.761267248160438,110.04091105194152,[  35.22109604 -147.16940308],[ 126.19281769 -150.44670105],[ 135.44966125 -150.48440552],[ 145.21084595 -150.52455139]
132,9.263741287474796,9.767447005498168,111.11337218492689,[  35.45898819 -147.1552887 ],[ 127.49007416 -150.45199585],[ 136.7537384  -150.48977661],[ 146.52110291 -150.52992249]
133,9.270402067116402,9.773489434958927,112.18686026578332,[  35.69775391 -147.13941956],[ 128.78947449 -150.45727539],[ 138.05979919 -150.49514771],[ 147.83320618 -150.53529358]
134,9.276887372599687,9.779409795198786,113.2615760306669,[  35.93715668 -147.12194824],[ 130.09098816 -150.46255493],[ 139.36779785 -150.5005188 ],[ 149.14712524 -150.54066467]
135,9.283250484199277,9.785192827553255,114.33777130588547,[  36.17692566 -147.10298157],[ 131.39456177 -150.46786499],[ 140.67773438 -150.50588989],[ 150.46284485 -150.54603577]
136,9.28949127660684,9.790853790678918,115.41564234875419,[  36.41679764 -147.08270264],[ 132.70011902 -150.47323608],[ 141.98953247 -150.51126099],[ 151.78030396 -150.55140686]
137,9.295610249666089,9.79636191731593,116.49537926549232,[  36.65653229 -147.06124878],[ 134.00764465 -150.47860718],[ 143.30317688 -150.51669312],[ 153.09945679 -150.55677795]
138,9.301545993828674,9.801763483449472,117.5771493550283,[  36.89592743 -147.03878784],[ 135.31712341 -150.48397827],[ 144.61859131 -150.52209473],[ 154.42027283 -150.56217957]
139,9.30737480234052,9.807028096314557,118.6610374555994,[  37.13484955 -147.01544189],[ 136.62846375 -150.48934937],[ 145.9357605  -150.52746582],[ 155.7427063  -150.56764221]
140,9.313051336869307,9.81220084491224,119.74706759605259,[  37.37325287 -146.99136353],[ 137.94165039 -150.49472046],[ 147.25462341 -150.53291321],[ 157.06674194 -150.57310486]
141,9.31860561453778,9.81723645314946,120.83519367665693,[  37.61113358 -146.96669006],[ 139.25665283 -150.50009155],[ 148.57518005 -150.53831482],[ 158.39233398 -150.5785675 ]
142,9.324053081588165,9.822180134251303,121.9253186820402,[  37.8485527  -146.94151306],[ 140.57337952 -150.50546265],[ 149.89735413 -150.54371643],[ 159.7194519 -150.5839386]
143,9.329378604643724,9.827001871185782,123.0173124960959,[  38.08560944 -146.91601562],[ 141.8918457 -150.510849 ],[ 151.22114563 -150.54916382],[ 161.04806519 -150.58938599]
144,9.334581682644831,9.83171692242698,124.11100033107958,[  38.3224144  -146.89025879],[ 143.2119751 -150.5163269],[ 152.54647827 -150.55461121],[ 162.37811279 -150.59486389]
145,9.3396321743233,9.836325288080769,125.20622891826544,[  38.5591011  -146.86434937],[ 144.53378296 -150.52175903],[ 153.87333679 -150.56001282],[ 163.70957947 -150.60032654]
146,9.344621818992746,9.84081145947024,126.30285444251149,[  38.79578018 -146.83840942],[ 145.85716248 -150.52719116],[ 155.20170593 -150.56546021],[ 165.04243469 -150.60580444]
147,9.34947432327231,9.845221149950733,127.40075551542756,[  39.03255463 -146.81251526],[ 147.18212891 -150.53260803],[ 156.53152466 -150.57093811],[ 166.37666321 -150.61126709]
148,9.35421982934801,9.84952415486978,128.4998031272241,[  39.26948929 -146.78678894],[ 148.50862122 -150.53804016],[ 157.86276245 -150.5763855 ],[ 167.71220398 -150.61672974]
149,9.358904175745314,9.853720349161895,129.5999378169239,[  39.50664139 -146.76132202],[ 149.83659363 -150.54351807],[ 159.19541931 -150.58184814],[ 169.04905701 -150.62220764]
150,9.363436310734068,9.857840125205371,130.70108778132533,[  39.74401855 -146.7361908 ],[ 151.16604614 -150.54891968],[ 160.52940369 -150.58732605],[ 170.38716125 -150.62767029]
151,9.36789215277686,9.861853278026901,131.8033067869168,[  39.98157883 -146.71102905],[ 152.49693298 -150.55429077],[ 161.86474609 -150.59277344],[ 171.72651672 -150.63314819]
152,9.372210103248799,9.865805583806873,132.90647273479817,[  40.21938705 -146.68670654],[ 153.82923889 -150.55973816],[ 163.20137024 -150.59815979],[ 173.0670929  -150.63861084]
153,9.37643681485592,9.869650766342055,134.01059602949968,[  40.45737457 -146.66314697],[ 155.16290283 -150.56518555],[ 164.53926086 -150.60362244],[ 174.40882874 -150.64407349]
154,9.380587170623967,9.873404772449732,135.11576986849855,[  40.6954689  -146.64025879],[ 156.49790955 -150.57064819],[ 165.87841797 -150.60908508],[ 175.7517395  -150.64962769]
155,9.38463071579528,9.877097744504802,136.22197698997854,[  40.93365097 -146.61816406],[ 157.83422852 -150.5761261 ],[ 167.21878052 -150.61456299],[ 177.09579468 -150.65519714]
156,9.38858277151063,9.880698474798168,137.3292062427675,[  41.17188263 -146.59687805],[ 159.17182922 -150.58166504],[ 168.56033325 -150.62011719],[ 178.44094849 -150.66067505]
157,9.392443400295976,9.884222912625564,138.43748488542977,[  41.41012192 -146.57649231],[ 160.51068115 -150.58718872],[ 169.90304565 -150.62568665],[ 179.78718567 -150.66616821]
158,9.396243182421786,9.887640852719315,139.54679779487117,[  41.64835358 -146.55706787],[ 161.85075378 -150.59266663],[ 171.24691772 -150.6312561 ],[ 181.13447571 -150.67173767]
159,9.39993615454237,9.890997446228571,140.6571177458666,[  41.88658524 -146.53860474],[ 163.19203186 -150.59814453],[ 172.59188843 -150.63682556],[ 182.48280334 -150.67723083]
160,9.403567339452051,9.89426298689419,141.7683924385174,[  42.12482452 -146.5211792 ],[ 164.53445435 -150.60371399],[ 173.9379425  -150.64230347],[ 183.8321228  -150.68275452]
161,9.407122544796927,9.897421966959671,142.88059245975683,[  42.3630867 -146.504776 ],[ 165.8780365  -150.60919189],[ 175.28507996 -150.64776611],[ 185.18241882 -150.68832397]
162,9.410571002143488,9.900549992462338,143.99373847002047,[  42.60134506 -146.48948669],[ 167.22273254 -150.61468506],[ 176.63322449 -150.65325928],[ 186.53369141 -150.69381714]
163,9.413943166206453,9.903632241998261,145.10778269362783,[  42.83965302 -146.4752655 ],[ 168.56852722 -150.62023926],[ 177.98239136 -150.65881348],[ 187.88594055 -150.69937134]
164,9.417269741923052,9.906577288586593,146.22264982933982,[  43.07800674 -146.46217346],[ 169.91540527 -150.62573242],[ 179.33259583 -150.66435242],[ 189.23908997 -150.7049408 ]
165,9.420504765786086,9.909507014014654,147.33835835263073,[  43.31643295 -146.45019531],[ 171.26333618 -150.63121033],[ 180.6837616 -150.6698761],[ 190.59318542 -150.71047974]
166,9.42366362187248,9.912360446139033,148.45481501365077,[  43.5549202  -146.43933105],[ 172.61225891 -150.63668823],[ 182.0358429 -150.6754303],[ 191.94812012 -150.71604919]
167,9.426791584506566,9.915152906166108,149.57203362937955,[  43.79349899 -146.42961121],[ 173.9621582  -150.64224243],[ 183.38887024 -150.68096924],[ 193.30393982 -150.72161865]
168,9.429797415311992,9.91791478633379,150.69000148015868,[  44.03213882 -146.42092896],[ 175.31304932 -150.64779663],[ 184.74276733 -150.68649292],[ 194.66059875 -150.72715759]
169,9.432757595473376,9.920585051980554,151.80868154905653,[  44.27085876 -146.41343689],[ 176.66490173 -150.65335083],[ 186.09757996 -150.69204712],[ 196.01808167 -150.73271179]
170,9.435626223685922,9.92320954165657,152.9280721465533,[  44.50963211 -146.40707397],[ 178.01768494 -150.65892029],[ 187.45323181 -150.69761658],[ 197.37635803 -150.73828125]
171,9.43841830857017,9.925773246941404,154.0481779022756,[  44.74845505 -146.40180969],[ 179.37139893 -150.66448975],[ 188.80973816 -150.703125  ],[ 198.73542786 -150.74385071]
172,9.441164805167341,9.928275667288794,155.16898395704058,[  44.98732758 -146.39762878],[ 180.72599792 -150.6700592 ],[ 190.16708374 -150.7086792 ],[ 200.09527588 -150.74940491]
173,9.443896105564455,9.930701794343044,156.2904958072923,[  45.22621536 -146.39451599],[ 182.08143616 -150.67562866],[ 191.5252533  -150.71424866],[ 201.45587158 -150.75497437]
174,9.44653579163577,9.933082207997689,157.41271469750887,[  45.46510315 -146.39242554],[ 183.43774414 -150.68119812],[ 192.88420105 -150.71980286],[ 202.81719971 -150.76054382]
175,9.449083988136278,9.93544730041329,158.535629581847,[  45.70400238 -146.39135742],[ 184.79489136 -150.68676758],[ 194.24389648 -150.72537231],[ 204.17926025 -150.76611328]
176,9.451586346351139,9.937720903440429,159.65921542637062,[  45.94289398 -146.39126587],[ 186.15286255 -150.69233704],[ 195.60437012 -150.73092651],[ 205.54200745 -150.77168274]
177,9.454043177880102,9.939948605359458,160.78348239542038,[  46.18176651 -146.39219666],[ 187.51161194 -150.69786072],[ 196.96557617 -150.73649597],[ 206.90544128 -150.77723694]
178,9.456439037326037,9.94211514773238,161.90840537322148,[  46.42063522 -146.39399719],[ 188.87115479 -150.70341492],[ 198.32751465 -150.74211121],[ 208.26954651 -150.7828064 ]
179,9.458819513392621,9.944220905442648,163.03398335460463,[  46.65947342 -146.39660645],[ 190.23141479 -150.70898438],[ 199.69015503 -150.74771118],[ 209.6342926  -150.78842163]
180,9.461093053911691,9.946311717178471,164.1602120085153,[  46.89830017 -146.40005493],[ 191.592453   -150.71455383],[ 201.0534668  -150.75328064],[ 210.99969482 -150.79408264]
181,9.463321193560716,9.948386644893144,165.28710106393268,[  47.13710403 -146.40429688],[ 192.95420837 -150.72010803],[ 202.41744995 -150.75892639],[ 212.36575317 -150.79966736]
182,9.465549020614384,9.950309236196102,166.41455154914763,[  47.37589645 -146.40927124],[ 194.31668091 -150.72567749],[ 203.78215027 -150.76451111],[ 213.7323761  -150.80525208]
183,9.46767003704777,9.95221656884408,167.5425603415735,[  47.61468124 -146.41494751],[ 195.67984009 -150.73123169],[ 205.14743042 -150.77008057],[ 215.0995636  -150.81082153]
184,9.469760473554413,9.954108892833583,168.67120415607926,[  47.85344696 -146.42126465],[ 197.04367065 -150.73681641],[ 206.51335144 -150.77566528],[ 216.46737671 -150.81646729]
185,9.471820392747388,9.955939807119144,169.8004125808035,[  48.09220123 -146.42819214],[ 198.40815735 -150.74246216],[ 207.87989807 -150.78131104],[ 217.83575439 -150.82208252]
186,9.47381921474605,9.95774045413265,170.93018058635096,[  48.33095169 -146.43566895],[ 199.77330017 -150.74806213],[ 209.24703979 -150.78689575],[ 219.20469666 -150.82769775]
187,9.47577226081969,9.959495325217464,172.06050455481946,[  48.56968689 -146.44366455],[ 201.13908386 -150.75363159],[ 210.61477661 -150.79244995],[ 220.57418823 -150.83328247]
188,9.47771017328171,9.961204232695392,173.19137367947326,[  48.80840683 -146.45210266],[ 202.50546265 -150.75927734],[ 211.98309326 -150.79811096],[ 221.94421387 -150.83892822]
189,9.479617630972584,9.962852168081415,174.32275945077063,[  49.04712296 -146.46096802],[ 203.87245178 -150.76486206],[ 213.35198975 -150.8037262 ],[ 223.3147583  -150.84454346]
190,9.481356993266932,9.96454587945515,175.4546254020776,[  49.2858429  -146.47018433],[ 205.24005127 -150.77046204],[ 214.72132874 -150.80929565],[ 224.68579102 -150.85011292]
191,9.483111551948241,9.966209073511537,176.5870498051999,[  49.52455139 -146.47972107],[ 206.60821533 -150.77607727],[ 216.09124756 -150.81486511],[ 226.05737305 -150.85568237]
192,9.484851101765614,9.967811232928055,177.71999690672166,[  49.76322174 -146.48971558],[ 207.97694397 -150.78170776],[ 217.4617157  -150.82051086],[ 227.42944336 -150.86132812]
193,9.486545063030553,9.969367553903487,178.85340831250713,[  50.00188828 -146.49983215],[ 209.34622192 -150.78730774],[ 218.83268738 -150.82617188],[ 228.80197144 -150.86697388]
194,9.488192873469968,9.97087853643555,179.98729542434933,[  50.24055481 -146.51008606],[ 210.71606445 -150.79290771],[ 220.20417786 -150.83174133],[ 230.17497253 -150.87263489]
195,9.489825550227101,9.972389269039247,181.12165820463957,[  50.47922134 -146.52046204],[ 212.08639526 -150.79853821],[ 221.57614136 -150.83737183],[ 231.54844666 -150.8782959 ]
196,9.49142802212506,9.973808011720676,182.25643868389642,[  50.71788406 -146.53092957],[ 213.45726013 -150.80413818],[ 222.9486084 -150.8430481],[ 232.92233276 -150.88389587]
197,9.492999476676392,9.975288289403075,183.39168204786543,[  50.95654678 -146.54144287],[ 214.82855225 -150.80976868],[ 224.32147217 -150.84863281],[ 234.29667664 -150.88952637]
198,9.494555797673081,9.976661631436873,184.52734244281373,[  51.1952095  -146.55197144],[ 216.20037842 -150.81539917],[ 225.69485474 -150.85424805],[ 235.6714325  -150.89515686]
199,9.496051584058067,9.978034723336068,185.66344373184225,[  51.43386459 -146.56246948],[ 217.57269287 -150.82096863],[ 227.06866455 -150.85992432],[ 237.0466156  -150.90078735]
200,9.497531736743463,9.979316763568368,186.79993418426466,[  51.67251968 -146.57289124],[ 218.94549561 -150.82653809],[ 228.44294739 -150.86550903],[ 238.42218018 -150.90644836]
201,9.498965675674585,9.980629196260711,187.9368621784485,[  51.91117096 -146.58320618],[ 220.31874084 -150.8321991 ],[ 229.81762695 -150.87107849],[ 239.798172  -150.9120636]
202,9.500399927401016,9.981864897333855,189.0741707142606,[  52.14982605 -146.59356689],[ 221.69244385 -150.83784485],[ 231.19276428 -150.87670898],[ 241.17454529 -150.91763306]
203,9.501803661851374,9.983070331539992,190.21184310185873,[  52.3884964  -146.60365295],[ 223.0665741  -150.84350586],[ 232.56829834 -150.88235474],[ 242.55128479 -150.92327881]
204,9.503161682728752,9.984260382047093,191.3498690525524,[  52.62718964 -146.61349487],[ 224.44113159 -150.84918213],[ 233.94421387 -150.88803101],[ 243.9283905  -150.92892456]
205,9.504473865267588,9.98543536145226,192.48828684999415,[  52.86588287 -146.62310791],[ 225.81613159 -150.8548584 ],[ 235.32052612 -150.89369202],[ 245.30587769 -150.93460083]
206,9.505770976234782,9.986579761029033,193.6270536673155,[  53.1045723  -146.63247681],[ 227.19151306 -150.86048889],[ 236.69720459 -150.89935303],[ 246.68370056 -150.94026184]
207,9.506992043862725,9.987724160608003,194.76616304786646,[  53.34329605 -146.64155579],[ 228.56733704 -150.86605835],[ 238.07424927 -150.90501404],[ 248.06188965 -150.94592285]
208,9.508228120483105,9.988807588048285,195.90559190923625,[  53.58203125 -146.65036011],[ 229.94352722 -150.87168884],[ 239.45167542 -150.91067505],[ 249.44039917 -150.95159912]
209,9.509402662462675,9.989860623288767,197.04535149862815,[  53.82076645 -146.65882874],[ 231.32012939 -150.87736511],[ 240.82945251 -150.91625977],[ 250.81922913 -150.95722961]
210,9.510546750362714,9.990929105391748,198.18547346103094,[  54.05950165 -146.66697693],[ 232.69709778 -150.88301086],[ 242.20756531 -150.92182922],[ 252.19841003 -150.96289062]
211,9.511660570425935,9.991982141165918,199.32589808100673,[  54.29826355 -146.67488098],[ 234.07443237 -150.88864136],[ 243.58601379 -150.92744446],[ 253.57791138 -150.96855164]
212,9.51278977367519,9.992958758182889,200.46659098126162,[  54.53704453 -146.68235779],[ 235.45210266 -150.89427185],[ 244.96481323 -150.93309021],[ 254.95768738 -150.97421265]
213,9.513888459612469,9.993950571074807,201.60763170168096,[  54.7758255  -146.68942261],[ 236.8301239 -150.8999176],[ 246.34393311 -150.93875122],[ 256.33779907 -150.97987366]
214,9.514910914565625,9.994896419753783,202.7489424622538,[  55.01460648 -146.6960907 ],[ 238.20852661 -150.9055481 ],[ 247.72335815 -150.94441223],[ 257.71817017 -150.98548889]
215,9.515963699923011,9.995812002082426,203.89054788880821,[  55.25341034 -146.70237732],[ 239.5872345  -150.91122437],[ 249.1031189  -150.95007324],[ 259.09884644 -150.99116516]
216,9.516971083352123,9.996757913614456,205.03244236205666,[  55.49224091 -146.70828247],[ 240.96626282 -150.9168396 ],[ 250.4831543  -150.95576477],[ 260.47982788 -150.99682617]
217,9.517947762540036,9.99762753196209,206.17459582987627,[  55.73106766 -146.71379089],[ 242.34564209 -150.92250061],[ 251.86351013 -150.9614563 ],[ 261.86105347 -151.00248718]
218,9.518909183140762,9.998527667747485,207.31703544012564,[  55.96989441 -146.71885681],[ 243.72528076 -150.92814636],[ 253.24411011 -150.96713257],[ 263.24255371 -151.00813293]
219,9.519839961467605,9.999351447837558,208.45972511329492,[  56.20872498 -146.72354126],[ 245.10527039 -150.93380737],[ 254.62503052 -150.97279358],[ 264.6242981  -151.01374817]
220,9.520755418664391,10.000205932858604,209.60270502148606,[  56.44755173 -146.72781372],[ 246.48551941 -150.93948364],[ 256.00619507 -150.97845459],[ 266.00631714 -151.01940918]
221,9.521655679677853,10.00102990055863,210.74594291767744,[  56.68640518 -146.73170471],[ 247.86608887 -150.94514465],[ 257.38766479 -150.9841156 ],[ 267.38861084 -151.02507019]
222,9.522525423370178,10.001823350937508,211.88939700603405,[  56.92526627 -146.73519897],[ 249.24693298 -150.95080566],[ 258.76937866 -150.98977661],[ 268.77111816 -151.0307312 ]
223,9.523379970855764,10.00258622153117,213.03308239068033,[  57.16415024 -146.73829651],[ 250.62806702 -150.95646667],[ 260.15136719 -150.99545288],[ 270.15386963 -151.03639221]
224,9.524234455883798,10.003318637271965,214.1769951115983,[  57.4030304  -146.74099731],[ 252.00944519 -150.96212769],[ 261.53359985 -151.00111389],[ 271.53683472 -151.04205322]
225,9.525043102487041,10.00408157033625,215.32118781293678,[  57.64191437 -146.74333191],[ 253.39111328 -150.96780396],[ 262.91607666 -151.0067749 ],[ 272.92007446 -151.04771423]
226,9.525851998923473,10.004783531206483,216.46557646058523,[  57.88079453 -146.74531555],[ 254.77302551 -150.97341919],[ 264.29879761 -151.01243591],[ 274.30349731 -151.0533905 ]
227,9.526630315673488,10.005515946945401,217.61021783803875,[  58.11967468 -146.74693298],[ 256.15518188 -150.97904968],[ 265.68173218 -151.01809692],[ 275.68716431 -151.05905151]
228,9.527393311267632,10.006187640596567,218.75504468469353,[  58.35856247 -146.74821472],[ 257.53759766 -150.98471069],[ 267.06491089 -151.02377319],[ 277.0710144  -151.06480408]
229,9.528095209665354,10.006889914801873,219.90012372296758,[  58.59745026 -146.74916077],[ 258.92028809 -150.9903717 ],[ 268.44830322 -151.0294342 ],[ 278.45510864 -151.07055664]
230,9.528827625385643,10.00753096673817,221.04539966258176,[  58.83633041 -146.74981689],[ 260.30319214 -150.99603271],[ 269.8319397  -151.03509521],[ 279.83938599 -151.07626343]
231,9.529560291490778,10.00814106225624,222.19085424772308,[  59.07522202 -146.75013733],[ 261.68630981 -151.00169373],[ 271.21578979 -151.04081726],[ 281.22384644 -151.08192444]
232,9.530262189872742,10.00878198867246,223.3365331597251,[  59.3141098  -146.75018311],[ 263.06964111 -151.00735474],[ 272.599823   -151.04647827],[ 282.60852051 -151.08760071]
233,9.530994605576591,10.00936156719245,224.4824002180225,[  59.55299759 -146.74995422],[ 264.45318604 -151.01301575],[ 273.98410034 -151.05213928],[ 283.99337769 -151.09320068]
234,9.531665924020498,10.00997178848138,225.62848441244927,[  59.79188919 -146.74945068],[ 265.8369751  -151.01870728],[ 275.36856079 -151.05781555],[ 285.37844849 -151.09884644]
235,9.532306600069933,10.010551555064348,226.77473431780336,[  60.03077316 -146.74871826],[ 267.22097778 -151.02441406],[ 276.75320435 -151.06347656],[ 286.76367188 -151.10449219]
236,9.532947401317218,10.011161964030766,227.92119622268976,[  60.26966476 -146.74775696],[ 268.60516357 -151.03009033],[ 278.13803101 -151.06913757],[ 288.14910889 -151.11016846]
237,9.533588327590575,10.011680633478038,229.06778440534868,[  60.50855637 -146.74659729],[ 269.98956299 -151.03575134],[ 279.52307129 -151.07481384],[ 289.53466797 -151.11581421]
238,9.534198986918645,10.012229633143004,230.21456071222906,[  60.74744797 -146.74523926],[ 271.37414551 -151.04141235],[ 280.90826416 -151.08055115],[ 290.92041016 -151.12147522]
239,9.534778753394908,10.012809524660943,231.36155502222545,[  60.98633957 -146.74371338],[ 272.75894165 -151.04708862],[ 282.29364014 -151.08621216],[ 292.30636597 -151.12715149]
240,9.535327940012031,10.013358774102349,232.50867546316096,[  61.22523117 -146.74200439],[ 274.1439209  -151.05279541],[ 283.6791687  -151.09188843],[ 293.69244385 -151.1328125 ]
241,9.535907519101729,10.013877943168243,233.6559853134432,[  61.46412277 -146.74009705],[ 275.52908325 -151.05851746],[ 285.06491089 -151.09754944],[ 295.07870483 -151.13856506]
242,9.53645689337187,10.014366282829387,234.80341041619633,[  61.703022   -146.73812866],[ 276.91442871 -151.06417847],[ 286.45080566 -151.10322571],[ 296.46508789 -151.14425659]
243,9.537006142712032,10.014824105186278,235.95099824066085,[  61.9419136  -146.73605347],[ 278.29995728 -151.06985474],[ 287.83688354 -151.10888672],[ 297.85162354 -151.14993286]
244,9.537524874761564,10.015312507453249,237.09877164376792,[  62.18080521 -146.73388672],[ 279.68566895 -151.07551575],[ 289.22311401 -151.11453247],[ 299.23834229 -151.15560913]
245,9.538044044197676,10.01580047199158,238.24666872322987,[  62.41969681 -146.73165894],[ 281.07150269 -151.0811615 ],[ 290.60946655 -151.12026978],[ 300.62518311 -151.16127014]
246,9.53856271359121,10.01622765205711,239.39468592935253,[  62.65859222 -146.72937012],[ 282.45751953 -151.08686829],[ 291.9960022  -151.12594604],[ 302.012146   -151.16693115]
247,9.539050928246683,10.01665514449748,240.54286392000458,[  62.89748383 -146.72695923],[ 283.84371948 -151.09255981],[ 293.38269043 -151.13162231],[ 303.39926147 -151.17266846]
248,9.539539205402857,10.017143421648084,241.69122400861298,[  63.13637543 -146.7245636 ],[ 285.2300415  -151.09822083],[ 294.76950073 -151.13728333],[ 304.78656006 -151.17832947]
249,9.539966385448173,10.017601244010157,242.8396777471155,[  63.37526703 -146.72210693],[ 286.61654663 -151.10389709],[ 296.15643311 -151.14294434],[ 306.1739502  -151.18400574]
250,9.540454850071992,10.017967451871366,243.9882199017516,[  63.61416245 -146.71968079],[ 288.00317383 -151.10955811],[ 297.54354858 -151.14865112],[ 307.56143188 -151.18971252]
251,9.540913048149354,10.018394319556595,245.13694767740444,[  63.85305405 -146.71733093],[ 289.38995361 -151.11521912],[ 298.93078613 -151.15441895],[ 308.94909668 -151.19538879]
252,9.54137087065924,10.018790920005879,246.28576413972112,[  64.09194946 -146.71495056],[ 290.77685547 -151.12089539],[ 300.31814575 -151.16011047],[ 310.33685303 -151.2010498 ]
253,9.5417367652523,10.019188019720698,247.43470741770335,[  64.33084106 -146.71264648],[ 292.16397095 -151.12663269],[ 301.70562744 -151.16577148],[ 311.72473145 -151.20680237]
254,9.54219446249927,10.019554227587452,248.58377092237455,[  64.56973267 -146.71040344],[ 293.55114746 -151.13232422],[ 303.09326172 -151.17144775],[ 313.11273193 -151.21247864]
255,9.542621642455169,10.019920497949737,249.7329255313663,[  64.80862427 -146.70822144],[ 294.93844604 -151.13800049],[ 304.48098755 -151.17710876],[ 314.50082397 -151.21815491]
256,9.542987850317362,10.020317223136743,250.88226223350517,[  65.04751587 -146.70611572],[ 296.32595825 -151.1436615 ],[ 305.86886597 -151.18276978],[ 315.88909912 -151.22381592]
257,9.543415092823553,10.020622396357695,252.03162874496834,[  65.28640747 -146.7040863 ],[ 297.71353149 -151.14932251],[ 307.25686646 -151.18843079],[ 317.27740479 -151.22947693]
258,9.54381175549346,10.020988479268985,253.18114793880514,[  65.52529907 -146.7020874 ],[ 299.10122681 -151.1550293 ],[ 308.6449585  -151.19412231],[ 318.66586304 -151.23513794]
259,9.544147696233068,10.021323733223888,254.3307568787032,[  65.76419067 -146.70022583],[ 300.48910522 -151.16073608],[ 310.03317261 -151.19989014],[ 320.05441284 -151.24079895]
260,9.54451396669672,10.021720707766338,255.48048771951628,[  66.00308228 -146.69848633],[ 301.87701416 -151.16639709],[ 311.42144775 -151.20556641],[ 321.44308472 -151.24653625]
261,9.544910566685935,10.021965158531739,256.63028570795035,[  66.24196625 -146.6968689 ],[ 303.2651062  -151.17208862],[ 312.80993652 -151.21122742],[ 322.83181763 -151.25227356]
262,9.545215302533848,10.022361946223418,257.780226325665,[  66.48085785 -146.69535828],[ 304.65328979 -151.17785645],[ 314.19842529 -151.21688843],[ 324.22070312 -151.25794983]
263,9.545611965351739,10.022606084799481,258.93019570528855,[  66.71974945 -146.69396973],[ 306.04156494 -151.18353271],[ 315.58709717 -151.22254944],[ 325.60961914 -151.26361084]
264,9.545886870923558,10.0229723551865,260.08031725290607,[  66.95864105 -146.69271851],[ 307.42999268 -151.18919373],[ 316.97579956 -151.22827148],[ 326.99868774 -151.26934814]
265,9.54628378361062,10.023155396595985,261.2304362630406,[  67.19753265 -146.69160461],[ 308.81848145 -151.19485474],[ 318.36468506 -151.23397827],[ 328.38775635 -151.27503967]
266,9.546558376986113,10.023338563048721,262.3805838015939,[  67.43642426 -146.69062805],[ 310.2071228  -151.20053101],[ 319.75360107 -151.23963928],[ 329.77685547 -151.28071594]
267,9.546924897688237,10.023765493198258,263.5311031535996,[  67.67530823 -146.68978882],[ 311.59579468 -151.20619202],[ 321.14263916 -151.24537659],[ 331.1663208  -151.28637695]
268,9.547169036256856,10.024132013417638,264.6816147799943,[  67.91419983 -146.68910217],[ 312.98464966 -151.21188354],[ 322.53173828 -151.25106812],[ 332.55578613 -151.29214478]
269,9.547565386124564,10.024315242447482,265.8320931481591,[  68.15309143 -146.6885376 ],[ 314.37350464 -151.21763611],[ 323.92098999 -151.25672913],[ 333.94522095 -151.2978363 ]
270,9.5477786953029,10.024528738602493,266.98260009693763,[  68.39198303 -146.68809509],[ 315.76254272 -151.22340393],[ 325.3102417  -151.26242065],[ 335.33468628 -151.30349731]
271,9.54811438585945,10.024742234855811,268.1332579560364,[  68.63087463 -146.68780518],[ 317.15161133 -151.22911072],[ 326.699646   -151.26812744],[ 336.7243042  -151.30917358]
272,9.548388979431072,10.025078175486227,269.2841282884887,[  68.86976624 -146.68766785],[ 318.54083252 -151.23478699],[ 328.08914185 -151.27378845],[ 338.11413574 -151.31489563]
273,9.548572395302362,10.025474713075692,270.43499646487646,[  69.10865784 -146.68766785],[ 319.93008423 -151.240448  ],[ 329.47857666 -151.27952576],[ 339.50396729 -151.32058716]
274,9.548725106855855,10.025810216243771,271.5858932757903,[  69.34754944 -146.68778992],[ 321.31945801 -151.24612427],[ 330.86810303 -151.28523254],[ 340.89382935 -151.32624817]
275,9.549121894548485,10.025779698921024,272.73675770948853,[  69.58644104 -146.68807983],[ 322.70892334 -151.25178528],[ 332.25796509 -151.29090881],[ 342.28366089 -151.33192444]
276,9.549457585090458,10.025841108525947,273.8876833920269,[  69.82533264 -146.68847656],[ 324.09841919 -151.25744629],[ 333.64779663 -151.29656982],[ 343.67355347 -151.337677  ]
277,9.549671393992998,10.02620725383635,275.03894183919954,[  70.06422424 -146.68902588],[ 325.48806763 -151.2631073 ],[ 335.03765869 -151.30227661],[ 345.06378174 -151.34336853]
278,9.549854748456001,10.026603729066178,276.1901987174687,[  70.30311584 -146.68969727],[ 326.87771606 -151.26878357],[ 336.42749023 -151.30801392],[ 346.45401001 -151.3490448 ]
279,9.549915469992134,10.027000391832129,277.34145403893746,[  70.54200745 -146.69049072],[ 328.26748657 -151.27453613],[ 337.81732178 -151.31369019],[ 347.84423828 -151.35470581]
280,9.550250972966257,10.02706173884785,278.49273986390233,[  70.78089905 -146.69140625],[ 329.65734863 -151.28024292],[ 339.20751953 -151.3193512 ],[ 349.23449707 -151.36044312]
281,9.550678340490546,10.02703115900534,279.643993123377,[  71.01979065 -146.69244385],[ 331.04718018 -151.28591919],[ 340.59777832 -151.32505798],[ 350.62472534 -151.36613464]
282,9.55107525336903,10.02703090915494,280.7952448559586,[  71.25868225 -146.69358826],[ 332.43701172 -151.29159546],[ 341.98800659 -151.33078003],[ 352.01495361 -151.37179565]
283,9.551227902587941,10.027427634351604,281.94689276122995,[  71.49757385 -146.69482422],[ 333.8270874  -151.29725647],[ 343.37823486 -151.3364563 ],[ 353.40557861 -151.37747192]
284,9.551197260065972,10.027824671894866,283.0985409264871,[  71.73646545 -146.69618225],[ 335.21734619 -151.30297852],[ 344.76846313 -151.34214783],[ 354.79620361 -151.38323975]
285,9.551197134962614,10.028221459616146,284.2501883397951,[  71.97535706 -146.69761658],[ 336.60757446 -151.30874634],[ 346.15869141 -151.34788513],[ 356.18682861 -151.38899231]
286,9.551533201093015,10.028282431723543,285.4018347550547,[  72.21424866 -146.69915771],[ 337.99780273 -151.31442261],[ 347.54925537 -151.35365295],[ 357.57745361 -151.39474487]
287,9.551930051648755,10.028282369210695,286.55347892832214,[  72.45314026 -146.70080566],[ 339.38803101 -151.32008362],[ 348.93988037 -151.35934448],[ 358.96807861 -151.40042114]
288,9.552326651432244,10.028282431723543,287.70512287448497,[  72.69203186 -146.70251465],[ 340.77825928 -151.32577515],[ 350.33050537 -151.36500549],[ 360.35870361 -151.40609741]
289,9.55247898757044,10.028282431723543,288.8567660964024,[  72.93092346 -146.70429993],[ 342.16873169 -151.33149719],[ 351.72113037 -151.3706665 ],[ 361.74932861 -151.41175842]
290,9.552478862483865,10.028679156908682,290.00880577095944,[  73.16981506 -146.70614624],[ 343.55935669 -151.33718872],[ 353.11175537 -151.37632751],[ 363.14035034 -151.41741943]
291,9.55247898757044,10.02907575710149,291.1608454700082,[  73.40870667 -146.70805359],[ 344.94998169 -151.34286499],[ 354.50238037 -151.3820343 ],[ 364.53137207 -151.4230957 ]
292,9.55247930071341,10.029442089957763,292.31285640215,[  73.64759827 -146.70999146],[ 346.34060669 -151.348526  ],[ 355.89300537 -151.38777161],[ 365.92236328 -151.42886353]
293,9.552784285966284,10.029533704451984,293.4648885101934,[  73.8864975  -146.71200562],[ 347.73123169 -151.35424805],[ 357.28393555 -151.39344788],[ 367.31338501 -151.43455505]
294,9.553180635909687,10.029533704451984,294.61692802035697,[  74.1253891  -146.71405029],[ 349.12185669 -151.36000061],[ 358.67495728 -151.39910889],[ 368.70440674 -151.44021606]
295,9.553577548599717,10.029533704451984,295.76896925672986,[  74.3642807  -146.71611023],[ 350.51248169 -151.36569214],[ 360.065979   -151.40484619],[ 370.09542847 -151.44595337]
296,9.55369986822319,10.029564096740847,296.92101001218737,[  74.6031723  -146.71820068],[ 351.90335083 -151.37135315],[ 361.45697021 -151.41056824],[ 371.4864502 -151.4516449]
297,9.55369986822319,10.029533579418668,298.073020018309,[  74.8420639  -146.72032166],[ 353.29437256 -151.37701416],[ 362.84799194 -151.41622925],[ 372.87744141 -151.45730591]
298,9.553699680434525,10.029777968149538,299.22530562175274,[  75.08095551 -146.72250366],[ 354.68539429 -151.38273621],[ 364.23901367 -151.42190552],[ 374.26870728 -151.46304321]
299,9.553729822838028,10.03014436385873,300.37771352065755,[  75.31984711 -146.72468567],[ 356.0763855  -151.38848877],[ 365.6300354  -151.42756653],[ 375.66009521 -151.46875   ]
300,9.553729885263458,10.03054090118575,301.53015168959917,[  75.55873871 -146.72688293],[ 357.46740723 -151.3941803 ],[ 367.02105713 -151.43327332],[ 377.05151367 -151.47441101]
301,9.553913364256461,10.030754397325119,302.6825917710779,[  75.79763031 -146.72906494],[ 358.85842896 -151.39984131],[ 368.41226196 -151.43902588],[ 378.44293213 -151.48013306]
302,9.554279447002198,10.030754522436064,303.8350027545916,[  76.03652191 -146.73120117],[ 360.24945068 -151.40556335],[ 369.8036499  -151.44471741],[ 379.83432007 -151.4858551 ]
303,9.554675859846668,10.030754522436064,304.9874365965451,[  76.27542114 -146.73332214],[ 361.64047241 -151.41130066],[ 371.19506836 -151.45037842],[ 381.22573853 -151.49151611]
304,9.555011862727449,10.030723942547317,306.1398489488975,[  76.51431274 -146.73545837],[ 363.03155518 -151.41696167],[ 372.58648682 -151.45611572],[ 382.61712646 -151.49723816]
305,9.55498153309592,10.030754334804463,307.2922927235798,[  76.75320435 -146.73757935],[ 364.42297363 -151.42266846],[ 373.97787476 -151.46186829],[ 384.00854492 -151.50296021]
306,9.555011800212926,10.030754334804463,308.444735745639,[  76.99209595 -146.73973083],[ 365.81436157 -151.4283905 ],[ 375.36929321 -151.4675293 ],[ 385.39996338 -151.50862122]
307,9.554981220400466,10.030754459868986,309.59715103461474,[  77.23098755 -146.74179077],[ 367.20578003 -151.43408203],[ 376.76068115 -151.47320557],[ 386.79135132 -151.514328  ]
308,9.555012050417224,10.030876591721992,310.74972047552495,[  77.46987915 -146.74385071],[ 368.59716797 -151.4397583 ],[ 378.15209961 -151.47895813],[ 388.18289185 -151.52009583]
309,9.555011737722769,10.031242737015894,311.9025332568819,[  77.70877075 -146.74589539],[ 369.98858643 -151.44551086],[ 379.54351807 -151.4846344 ],[ 389.57467651 -151.52575684]
310,9.554981095492852,10.03163952475961,313.0553480702636,[  77.94766235 -146.74786377],[ 371.38000488 -151.45120239],[ 380.93490601 -151.49029541],[ 390.96646118 -151.53143311]
311,9.555072959909754,10.031974777867594,314.2082009467331,[  78.18654633 -146.74984741],[ 372.77139282 -151.45687866],[ 382.3263855  -151.49604797],[ 392.35827637 -151.53707886]
312,9.555469872845984,10.031944510365589,315.3610195413094,[  78.42543793 -146.7517395 ],[ 374.16281128 -151.46253967],[ 383.71820068 -151.50175476],[ 393.75006104 -151.54284668]
313,9.555866347741434,10.031975277879145,316.51386877760564,[  78.66432953 -146.75363159],[ 375.55419922 -151.46827698],[ 385.10998535 -151.50743103],[ 395.14187622 -151.54858398]
314,9.55626294793862,10.031944572878828,317.66668831650645,[  78.90322113 -146.75544739],[ 376.94561768 -151.47402954],[ 386.50180054 -151.51315308],[ 396.53366089 -151.55426025]
315,9.556293590248906,10.031944385408739,318.8195084339056,[  79.14211273 -146.75724792],[ 378.33737183 -151.47970581],[ 387.89358521 -151.51885986],[ 397.92544556 -151.55992126]
316,9.55629346526099,10.031974965197861,319.97236078376005,[  79.38100433 -146.75898743],[ 379.72915649 -151.48539734],[ 389.28536987 -151.52452087],[ 399.31726074 -151.56559753]
317,9.556293402803579,10.03194413577354,321.1251834077867,[  79.61989594 -146.76069641],[ 381.12097168 -151.4911499 ],[ 390.67718506 -151.53025818],[ 400.70904541 -151.57125854]
318,9.55629365277941,10.03197465309679,322.27803960593053,[  79.85878754 -146.76231384],[ 382.51275635 -151.49682617],[ 392.06896973 -151.53599548],[ 402.1008606  -151.57699585]
319,9.556293715334276,10.03194444787556,323.4308660501061,[  80.09767914 -146.76393127],[ 383.90457153 -151.50248718],[ 393.46078491 -151.54167175],[ 403.49264526 -151.58274841]
320,9.55629346526099,10.031944635415275,324.58369347368017,[  80.33657074 -146.76547241],[ 385.2963562  -151.50820923],[ 394.85256958 -151.54733276],[ 404.88442993 -151.5884552 ]
321,9.556293402803579,10.031974840287807,325.73655170328254,[  80.57546234 -146.76698303],[ 386.68814087 -151.51396179],[ 396.24435425 -151.55307007],[ 406.27624512 -151.59411621]
322,9.55629296628388,10.032280388511962,326.8897182952884,[  80.81435394 -146.7684021 ],[ 388.07995605 -151.51972961],[ 397.63616943 -151.55873108],[ 407.66836548 -151.59986877]
323,9.556293090881976,10.032677051137247,328.04294551041625,[  81.05324554 -146.76983643],[ 389.47174072 -151.52542114],[ 399.0279541  -151.56445312],[ 409.06054688 -151.60557556]
324,9.55629346526099,10.033042884169067,329.1961819697518,[  81.29212952 -146.77116394],[ 390.86355591 -151.53109741],[ 400.41976929 -151.57022095],[ 410.45272827 -151.61125183]
325,9.556568183642394,10.03316526575689,330.3494128497883,[  81.53102112 -146.77246094],[ 392.25534058 -151.53675842],[ 401.81182861 -151.57589722],[ 411.84490967 -151.61700439]
326,9.556964846353592,10.033165390837771,331.50265923358796,[  81.76989746 -146.77371216],[ 393.64712524 -151.54243469],[ 403.20401001 -151.58155823],[ 413.23709106 -151.62269592]
327,9.557330929345715,10.033165203251258,332.65591393466667,[  82.00876617 -146.7749176 ],[ 395.03894043 -151.548172  ],[ 404.59619141 -151.58726501],[ 414.62927246 -151.62835693]
328,9.557605460475354,10.03316526575689,333.8092018308421,[  82.24763489 -146.77604675],[ 396.43087769 -151.55392456],[ 405.98840332 -151.59298706],[ 416.02148438 -151.63409424]
329,9.557574756170414,10.033165578633138,334.96241388534713,[  82.48654938 -146.77719116],[ 397.8230896  -151.55964661],[ 407.38058472 -151.59866333],[ 417.41366577 -151.6398468 ]
330,9.557575067928385,10.033165203251258,336.11562637943496,[  82.72546387 -146.77824402],[ 399.215271   -151.56532288],[ 408.77276611 -151.60441589],[ 418.80584717 -151.64550781]
331,9.557575255275493,10.03316526575689,337.2688480392747,[  82.96437073 -146.77928162],[ 400.60745239 -151.57098389],[ 410.16494751 -151.61012268],[ 420.19802856 -151.65122986]
332,9.55757531777325,10.033165453413021,338.4220557466442,[  83.20329285 -146.78025818],[ 401.99963379 -151.5766449 ],[ 411.55712891 -151.61579895],[ 421.59020996 -151.6569519 ]
333,9.557605960163489,10.03316526575689,339.57530179428915,[  83.44220734 -146.78118896],[ 403.39181519 -151.58232117],[ 412.94934082 -151.62150574],[ 422.98242188 -151.66261292]
334,9.557575380295367,10.03316526575689,340.7285186162226,[  83.68112183 -146.78211975],[ 404.7840271  -151.58805847],[ 414.34152222 -151.62722778],[ 424.37460327 -151.66833496]
335,9.55757513035306,10.033165516011477,341.8817373712734,[  83.92003632 -146.78295898],[ 406.1762085  -151.59379578],[ 415.73370361 -151.63290405],[ 425.76678467 -151.67407227]
336,9.55757531777325,10.03316526575689,343.03495543111563,[  84.15895081 -146.78379822],[ 407.56838989 -151.59947205],[ 417.12588501 -151.6386261 ],[ 427.15896606 -151.67973328]
337,9.557575442841845,10.033165390837771,344.18816756081486,[  84.39787292 -146.78462219],[ 408.96057129 -151.60514832],[ 418.51806641 -151.64433289],[ 428.55114746 -151.68547058]
338,9.557605647675702,10.033165578633138,345.34141930223734,[  84.63678741 -146.78535461],[ 410.35275269 -151.61090088],[ 419.91027832 -151.65000916],[ 429.94335938 -151.69119263]
339,9.55757513035306,10.033165328285728,346.4946400400626,[  84.8757019  -146.78608704],[ 411.7449646  -151.61662292],[ 421.30245972 -151.6557312 ],[ 431.33554077 -151.69685364]
340,9.557575505412682,10.03316507830961,347.64786158558616,[  85.11461639 -146.78681946],[ 413.137146   -151.62228394],[ 422.69464111 -151.66148376],[ 432.72772217 -151.70254517]
341,9.55757569327136,10.033256817722846,348.8011763367811,[  85.35353088 -146.78753662],[ 414.52932739 -151.62796021],[ 424.08682251 -151.66720581],[ 434.11999512 -151.70831299]
342,9.557575442841845,10.033653855769835,349.9547898249877,[  85.592453   -146.78817749],[ 415.92150879 -151.63369751],[ 425.47900391 -151.67288208],[ 435.51257324 -151.71406555]
343,9.557605772597736,10.034020188924888,351.1084106527715,[  85.83136749 -146.7888031 ],[ 417.31369019 -151.6394043 ],[ 426.87121582 -151.67854309],[ 436.90515137 -151.71975708]
344,9.557606022734127,10.034386146270748,352.2620318337939,[  86.07028198 -146.78941345],[ 418.7059021  -151.64508057],[ 428.26342773 -151.6842804 ],[ 438.29772949 -151.72543335]
345,9.558002622801327,10.034385896139415,353.4156529379324,[  86.30919647 -146.79003906],[ 420.0980835  -151.65083313],[ 429.65600586 -151.69000244],[ 439.69030762 -151.73109436]
346,9.558399222976623,10.034386146270748,354.5692752417629,[  86.54811096 -146.79066467],[ 421.49026489 -151.65652466],[ 431.04858398 -151.69566345],[ 441.08288574 -151.73681641]
347,9.558796198271729,10.034386083703112,355.7228902580379,[  86.78703308 -146.79127502],[ 422.88244629 -151.66218567],[ 432.44116211 -151.7013855 ],[ 442.47546387 -151.74252319]
348,9.558857546092348,10.034385771212968,356.8765130288416,[  87.02594757 -146.79185486],[ 424.27496338 -151.66784668],[ 433.83374023 -151.7071228 ],[ 443.86804199 -151.7481842 ]
349,9.55885723291475,10.034386021158676,358.0301365580034,[  87.26486206 -146.79246521],[ 425.6675415  -151.67358398],[ 435.22631836 -151.71278381],[ 445.26062012 -151.75390625]
350,9.55885692034608,10.034386271475631,359.1837608395191,[  87.50377655 -146.79307556],[ 427.06011963 -151.67935181],[ 436.61889648 -151.71847534],[ 446.65319824 -151.75965881]
351,9.55885723291475,10.034386334112877,360.3373864990717,[  87.74269104 -146.79362488],[ 428.45269775 -151.68502808],[ 438.01147461 -151.72422791],[ 448.04577637 -151.76542664]
352,9.558857420748238,10.034386208861589,361.4910029569496,[  87.98161316 -146.79421997],[ 429.84527588 -151.69068909],[ 439.40405273 -151.72993469],[ 449.43835449 -151.77110291]
353,9.55885723291475,10.034386271475631,362.6446271566919,[  88.22052765 -146.79483032],[ 431.237854   -151.69639587],[ 440.79663086 -151.7355957 ],[ 450.83093262 -151.77677917]
354,9.558857045300478,10.034386083703112,363.7982516770861,[  88.45944214 -146.79542542],[ 432.63043213 -151.70214844],[ 442.18920898 -151.74130249],[ 452.22351074 -151.78244019]
355,9.55885723291475,10.034385708784548,364.95187651509144,[  88.69835663 -146.79602051],[ 434.02301025 -151.70785522],[ 443.58178711 -151.74705505],[ 453.61608887 -151.7881012 ]
356,9.558857358112718,10.034386021158676,366.1055031256419,[  88.93727112 -146.7966156 ],[ 435.41558838 -151.71351624],[ 444.97436523 -151.75274658],[ 455.00866699 -151.79386902]
357,9.558857358112718,10.034386396773327,367.25912983381556,[  89.17618561 -146.79721069],[ 436.8081665  -151.71917725],[ 446.36694336 -151.75840759],[ 456.40124512 -151.79962158]
358,9.558857170352303,10.034386710423613,368.41274921676614,[  89.41510773 -146.79780579],[ 438.20074463 -151.72489929],[ 447.75952148 -151.76408386],[ 457.79382324 -151.80537415]
359,9.558856733097166,10.034387087569653,369.5663767359959,[  89.65402222 -146.79838562],[ 439.59332275 -151.73066711],[ 449.15209961 -151.76974487],[ 459.18640137 -151.81112671]
360,9.5588569828111,10.034386773223279,370.72000351950544,[  89.89293671 -146.79896545],[ 440.98590088 -151.73635864],[ 450.54467773 -151.77549744],[ 460.57897949 -151.81680298]
361,9.558857170352303,10.034386396773327,371.873630601507,[  90.1318512  -146.79954529],[ 442.378479   -151.74208069],[ 451.93725586 -151.78126526],[ 461.97155762 -151.82247925]
362,9.558857170352303,10.034386271475631,373.0272577735585,[  90.37076569 -146.80012512],[ 443.77105713 -151.74777222],[ 453.32983398 -151.78695679],[ 463.36413574 -151.82814026]
363,9.55885710781421,10.034386146270748,374.1808765845265,[  90.60968781 -146.80078125],[ 445.16363525 -151.753479  ],[ 454.72241211 -151.79264832],[ 464.75671387 -151.83380127]
364,9.5588569828111,10.034385896139415,375.33450290995654,[  90.84860229 -146.8014679 ],[ 446.55621338 -151.75923157],[ 456.11499023 -151.79837036],[ 466.14929199 -151.83946228]
365,9.5588569828111,10.034385771212968,376.4881297341503,[  91.08751678 -146.80213928],[ 447.9487915 -151.7649231],[ 457.50756836 -151.80406189],[ 467.54187012 -151.84512329]
366,9.55885723291475,10.034385583997317,377.6417570531416,[  91.32643127 -146.80281067],[ 449.34136963 -151.77058411],[ 458.90014648 -151.80978394],[ 468.93444824 -151.85079956]
367,9.55885710781421,10.03438583366459,378.79538588075906,[  91.56534576 -146.80348206],[ 450.73394775 -151.77632141],[ 460.29272461 -151.81549072],[ 470.32702637 -151.85656738]
368,9.5588569828111,10.034386021158676,379.9490065468497,[  91.80426788 -146.80415344],[ 452.12652588 -151.78201294],[ 461.68530273 -151.82115173],[ 471.71960449 -151.86227417]
369,9.55885692034608,10.03441691409404,381.10266624519886,[  92.04318237 -146.80490112],[ 453.519104  -151.7877655],[ 463.07788086 -151.82688904],[ 473.11221313 -151.86810303]
370,9.55885692034608,10.0344169767775,382.2562946926034,[  92.28209686 -146.80566406],[ 454.91168213 -151.79351807],[ 464.47045898 -151.8326416 ],[ 474.50479126 -151.87387085]
371,9.558856733097166,10.034417353365527,383.40992341709386,[  92.52101135 -146.806427  ],[ 456.30426025 -151.79924011],[ 465.86303711 -151.83831787],[ 475.89736938 -151.87963867]
372,9.558856733097166,10.03438689889222,384.5635206923033,[  92.75992584 -146.80718994],[ 457.69683838 -151.80490112],[ 467.25561523 -151.84397888],[ 477.28991699 -151.88531494]
373,9.5588569828111,10.034356255903713,385.71711101793164,[  92.99884796 -146.80795288],[ 459.0894165  -151.81057739],[ 468.64819336 -151.84971619],[ 478.6824646  -151.89102173]
374,9.558857358112718,10.034355628949275,386.8707377533518,[  93.23776245 -146.8087616 ],[ 460.48199463 -151.8162384 ],[ 470.04077148 -151.85546875],[ 480.07504272 -151.8966217 ]
375,9.558857358112718,10.034355378817182,388.024363766032,[  93.47667694 -146.80963135],[ 461.87457275 -151.82188416],[ 471.43334961 -151.8611145 ],[ 481.46762085 -151.90220642]
376,9.55888787543383,10.034355191461744,389.1780219728324,[  93.71559143 -146.81048584],[ 463.26715088 -151.8276062 ],[ 472.82595825 -151.86683655],[ 482.86022949 -151.90788269]
377,9.558887750236263,10.034415914314245,390.33171056774444,[  93.95450592 -146.81134033],[ 464.659729   -151.83335876],[ 474.21853638 -151.87255859],[ 484.25286865 -151.91352844]
378,9.55888787543383,10.034812514973288,391.4857288633574,[  94.19342804 -146.81219482],[ 466.05230713 -151.83911133],[ 475.6111145  -151.87834167],[ 485.64584351 -151.91928101]
379,9.55885723291475,10.035239882056187,392.63975465393986,[  94.43234253 -146.81307983],[ 467.44488525 -151.84486389],[ 477.00366211 -151.88406372],[ 487.03881836 -151.92503357]
380,9.558826403023572,10.035667373946476,393.7937801125276,[  94.67125702 -146.81402588],[ 468.83746338 -151.85064697],[ 478.39620972 -151.88977051],[ 488.43179321 -151.93080139]
381,9.55904002428117,10.0358507900974,394.94780563609714,[  94.91017151 -146.81497192],[ 470.2300415  -151.85632324],[ 479.78900146 -151.89544678],[ 489.82476807 -151.93655396]
382,9.55946726679661,10.035789943060221,396.10179991858695,[  95.149086   -146.81593323],[ 471.62261963 -151.86196899],[ 481.18200684 -151.90109253],[ 491.2177124  -151.94224548]
383,9.559894696760152,10.0357287833218,397.2558171532117,[  95.38800812 -146.81687927],[ 473.01522827 -151.86761475],[ 482.57504272 -151.90678406],[ 492.61068726 -151.94790649]
384,9.56026065475178,10.035759300643724,398.4098420813589,[  95.62692261 -146.81784058],[ 474.4078064  -151.87333679],[ 483.96798706 -151.91244507],[ 494.00366211 -151.9535675 ]
385,9.560656881393584,10.03575973888205,399.56386844732367,[  95.8658371  -146.81880188],[ 475.80038452 -151.87910461],[ 485.36096191 -151.91809082],[ 495.39663696 -151.95932007]
386,9.560992883365053,10.03575973888205,400.71789428269864,[  96.10475159 -146.81980896],[ 477.19302368 -151.88476562],[ 486.75393677 -151.92382812],[ 496.78961182 -151.96505737]
387,9.561023650248412,10.0357287833218,401.8718882926771,[  96.34366608 -146.82086182],[ 478.58596802 -151.89047241],[ 488.14691162 -151.92959595],[ 498.18255615 -151.97071838]
388,9.561084934841636,10.035728408592599,403.02590564203217,[  96.5825882  -146.82191467],[ 479.97888184 -151.8961792 ],[ 489.53988647 -151.93536377],[ 499.57553101 -151.97639465]
389,9.560993382876148,10.035759300643724,404.1799318489652,[  96.82150269 -146.82296753],[ 481.37191772 -151.90184021],[ 490.93283081 -151.94102478],[ 500.96850586 -151.98214722]
390,9.560962803030005,10.035759550926427,405.33396573926996,[  97.06040955 -146.82402039],[ 482.7649231  -151.90753174],[ 492.32580566 -151.94670105],[ 502.36148071 -151.98788452]
391,9.560993320352031,10.035759550926427,406.487991084328,[  97.29932404 -146.8250885 ],[ 484.15786743 -151.91319275],[ 493.71878052 -151.95236206],[ 503.75445557 -151.99354553]
392,9.560993320352031,10.035729158886193,407.64200219640264,[  97.53822327 -146.82614136],[ 485.55084229 -151.91886902],[ 495.11175537 -151.95803833],[ 505.1473999  -151.99925232]
393,9.560993070499075,10.035729472494515,408.79608298549516,[  97.77708435 -146.82719421],[ 486.94381714 -151.92462158],[ 496.50473022 -151.96372986],[ 506.54037476 -152.00502014]
394,9.560962553176253,10.035759676206975,409.9501397778707,[  98.01596832 -146.82826233],[ 488.33679199 -151.93037415],[ 497.89767456 -151.96948242],[ 507.93334961 -152.01069641]
395,9.560962615603163,10.035759238131048,411.10421969965444,[  98.25482941 -146.82931519],[ 489.72976685 -151.93612671],[ 499.29064941 -151.97525024],[ 509.32632446 -152.01635742]
396,9.560993070499075,10.035759175641571,412.2582930023004,[  98.49369812 -146.8303833 ],[ 491.12271118 -151.94189453],[ 500.68362427 -151.98100281],[ 510.71929932 -152.02209473]
397,9.560993132925788,10.035728533409534,413.41232782167896,[  98.73257446 -146.83149719],[ 492.51568604 -151.94764709],[ 502.07659912 -151.98677063],[ 512.11224365 -152.02783203]
398,9.56099350799744,10.035758676560949,414.56643057932064,[  98.97144318 -146.83262634],[ 493.90866089 -151.95332336],[ 503.46957397 -151.99253845],[ 513.50524902 -152.0335083 ]
399,9.560963178541188,10.035758738864828,415.7204733088073,[  99.21031189 -146.83374023],[ 495.30163574 -151.95898438],[ 504.86251831 -151.99824524],[ 514.89819336 -152.03923035]
400,9.560963115895111,10.035728346218932,416.87446935434434,[  99.44922638 -146.83491516],[ 496.6946106  -151.96466064],[ 506.25549316 -152.00390625],[ 516.2911377  -152.04492188]
401,9.560993758532243,10.035759113175295,418.02855794227514,[  99.68811035 -146.83607483],[ 498.08755493 -151.9703064 ],[ 507.64846802 -152.00958252],[ 517.68414307 -152.05065918]
