,c1_c2,c2_c3,c3_c0,p1,p2,p3,p4
0,6.7910682750128775,6.999999652201162,17.660043150656026,[  11.20083141 -158.27005005],[  12.91868973 -151.65808105],[  18.92899132 -148.49661255],[  25.92893219 -148.52529907]
1,6.7910682750128775,6.999999652201162,17.660043150656026,[  11.20083141 -158.27005005],[  12.91868973 -151.65808105],[  18.92899132 -148.49661255],[  25.92893219 -148.52529907]
2,6.7910682750128775,6.999999652201162,17.660043150656026,[  11.20083141 -158.27005005],[  12.91868973 -151.65808105],[  18.92899132 -148.49661255],[  25.92893219 -148.52529907]
3,6.788247914251173,7.000005374199011,17.666568079263232,[  11.20083237 -158.27005005],[  12.92720032 -151.6526947 ],[  18.93844414 -148.49908447],[  25.93839073 -148.527771  ]
4,6.781198479080832,7.000390968444318,17.697507490689166,[  11.20083237 -158.27005005],[  12.96026134 -151.62806702],[  18.98099518 -148.50790405],[  25.98132706 -148.53666687]
5,6.767731206011163,7.000459319361999,17.755722479217667,[  11.20083237 -158.27005005],[  13.01917648 -151.57403564],[  19.05925369 -148.52122498],[  26.05965424 -148.5499115 ]
6,6.749260015809823,6.999875476025326,17.83635253803632,[  11.20083237 -158.27005005],[  13.10193539 -151.49900818],[  19.16805649 -148.54017639],[  26.16787529 -148.56834412]
7,6.727642138731392,6.999447926778724,17.939035270749486,[  11.20083237 -158.27005005],[  13.20737267 -151.40409851],[  19.30666733 -148.56512451],[  26.30605888 -148.59321594]
8,6.70135922635558,7.000097871943052,18.064847445600247,[  11.20083237 -158.27005005],[  13.33794689 -151.28817749],[  19.47559357 -148.59791565],[  26.47563744 -148.62541199]
9,6.673038128866635,7.00070052954703,18.21235124636411,[  11.20083237 -158.27005005],[  13.49317074 -151.15232849],[  19.67497063 -148.6394043 ],[  26.67561722 -148.66688538]
10,6.644496593049489,7.0014088715360145,18.38047274434067,[  11.20083237 -158.27005005],[  13.67201138 -150.99926758],[  19.90157509 -148.6880188 ],[  26.90292931 -148.71568298]
11,6.618702793144532,7.001987884195969,18.56737711338072,[  11.20083237 -158.27005005],[  13.87261581 -150.8323822 ],[  20.15347672 -148.74479675],[  27.15540886 -148.7727356 ]
12,6.5954460890615945,7.002542173613154,18.772340986716443,[  11.20083237 -158.27005005],[  14.09708595 -150.65202332],[  20.43093872 -148.8129425 ],[  27.433424   -148.84117126]
13,6.578730787688646,7.003067864857011,18.9985917690495,[  11.20083237 -158.27005005],[  14.3465929  -150.45950317],[  20.73524094 -148.88951111],[  27.73825073 -148.91802979]
14,6.569922786498491,7.003582123931635,19.245882493284853,[  11.20083237 -158.27005005],[  14.62198067 -150.25708008],[  21.06556511 -148.97485352],[  28.06908798 -149.00366211]
15,6.56869113696945,7.005360999798751,19.51393497455889,[  11.20083237 -158.27005005],[  14.9237299  -150.04779053],[  21.41959953 -149.07240295],[  28.42491341 -149.09809875]
16,6.578113192147563,7.007962644418763,19.803129777628417,[  11.20083237 -158.27005005],[  15.2512188  -149.83247375],[  21.79693031 -149.18037415],[  28.80486488 -149.20021057]
17,6.592331221190661,7.015393173686914,20.11138356645361,[  11.20083237 -158.27008057],[  15.60698128 -149.61811829],[  22.19208717 -149.30955505],[  29.20747948 -149.31304932]
18,6.601018799411426,7.04194734615828,20.44125884558366,[  11.20072842 -158.26338196],[  15.99181843 -149.40888977],[  22.59249687 -149.47592163],[  29.63428688 -149.42884827]
19,6.615746859898231,7.079889296907788,20.78624919065198,[  11.20024109 -158.23892212],[  16.40467644 -149.20489502],[  23.00448036 -149.66390991],[  30.08345795 -149.55029297]
20,6.655656805997956,7.103486307887134,21.146649367394517,[  11.199193   -158.18540955],[  16.84639168 -149.01600647],[  23.45371246 -149.81668091],[  30.55569077 -149.6703186 ]
21,6.704479859886155,7.122088287860901,21.521322355680578,[  11.19796944 -158.10209656],[  17.31715202 -148.84812927],[  23.92952919 -149.95561218],[  31.04971313 -149.79092407]
22,6.75556146541755,7.122942817895293,21.896026179488985,[  11.19628429 -157.98934937],[  17.81079483 -148.70510864],[  24.42420197 -150.0836792 ],[  31.54488182 -149.90414429]
23,6.803498868331442,7.125629597006893,22.270111804501525,[  11.19414806 -157.84454346],[  18.30528641 -148.59140015],[  24.91619301 -150.19873047],[  32.0392189  -150.00611877]
24,6.8466710386669565,7.131500872339145,22.650755002635027,[  11.19143009 -157.66758728],[  18.80640984 -148.49745178],[  25.41164589 -150.29960632],[  32.54032898 -150.09915161]
25,6.897422168676246,7.1390978964018235,23.043715271283514,[  11.18825531 -157.45965576],[  19.31436348 -148.39169312],[  25.91688347 -150.38697815],[  33.05308151 -150.18351746]
26,6.963786776631862,7.147475312646335,23.45268319424905,[  11.18500328 -157.22161865],[  19.82611656 -148.26795959],[  26.43559265 -150.4609375 ],[  33.58020401 -150.25862122]
27,7.016989624388692,7.156129976569863,23.88014849896208,[  11.18253613 -156.95639038],[  20.34971237 -148.19406128],[  26.96963501 -150.52102661],[  34.12303925 -150.3235321 ]
28,7.055859198225362,7.164834806284039,24.326940359901243,[  11.18188477 -156.66558838],[  20.87894249 -148.18260193],[  27.51977539 -150.56681824],[  34.68210983 -150.37754822]
29,7.079359316260504,7.173548369108852,24.79212417956986,[  11.18450928 -156.3480072 ],[  21.41846466 -148.21905518],[  28.08614159 -150.5980072 ],[  35.25748062 -150.41998291]
30,7.089014214663542,7.182312696023094,25.276926788444793,[  11.18958187 -156.00363159],[  21.97011757 -148.29397583],[  28.66854477 -150.61457825],[  35.84898376 -150.45053101]
31,7.091015430763252,7.191115910222918,25.77580644429859,[  11.20327282 -155.63357544],[  22.5267849  -148.41317749],[  29.26665497 -150.61695862],[  36.45623398 -150.46829224]
32,7.100502812532664,7.200076842019949,26.28599164759562,[  11.22838497 -155.239151  ],[  23.0707798  -148.59336853],[  29.88008881 -150.60594177],[  37.07896805 -150.47462463]
33,7.125489604474625,7.209220692846959,26.805350592057962,[  11.26702881 -154.82202148],[  23.60207939 -148.82943726],[  30.50848961 -150.58274841],[  37.71683884 -150.47065735]
34,7.146093903932327,7.218504982654516,27.334660617735285,[  11.31816292 -154.38269043],[  24.16217422 -149.06059265],[  31.1515522  -150.54896545],[  38.3694725  -150.45709229]
35,7.171717325836012,7.227710472111491,27.86440253829221,[  11.391675   -153.92527771],[  24.74274635 -149.28120422],[  31.80902481 -150.50645447],[  39.03636169 -150.43296814]
36,7.203713629750312,7.236962476123551,28.38812821817796,[  11.49374485 -153.45280457],[  25.34263039 -149.48730469],[  32.48072815 -150.4573822 ],[  39.71747971 -150.40213013]
37,7.241986021108818,7.2462551072027095,28.90377453923504,[  11.62607861 -152.96731567],[  25.96068382 -149.6811676 ],[  33.16651154 -150.40394592],[  40.41267395 -150.36729431]
38,7.285861398978049,7.255441303149016,29.41538768014892,[  11.78470325 -152.47579956],[  26.59654236 -149.86393738],[  33.86627579 -150.34844971],[  41.12169266 -150.32962036]
39,7.334095415280214,7.2644695317364185,29.929255182178032,[  11.9639349  -151.99961853],[  27.25046158 -150.03164673],[  34.57989502 -150.29310608],[  41.84436417 -150.29074097]
40,7.384930477989155,7.273268814691449,30.427927928481104,[  12.17971325 -151.53686523],[  27.92258453 -150.17840576],[  35.30725861 -150.23994446],[  42.58051682 -150.25236511]
41,7.436497520447327,7.281887379493457,30.914393142751045,[  12.42801857 -151.09286499],[  28.6124649  -150.29997253],[  36.04813385 -150.18896484],[  43.32997131 -150.21592712]
42,7.487309218020119,7.290267674275087,31.38627892669952,[  12.71009159 -150.67224121],[  29.31928635 -150.39414978],[  36.80239105 -150.14326477],[  44.09255219 -150.18267822]
43,7.536179348723517,7.298366262034371,31.844876909890456,[  13.02341366 -150.27944946],[  30.04210091 -150.46131897],[  37.56983948 -150.10473633],[  44.86804199 -150.15362549]
44,7.5825020039197675,7.3061819850960505,32.299530330066375,[  13.35735035 -149.92095947],[  30.7799015  -150.50299072],[  38.3502388  -150.07365417],[  45.65620804 -150.12940979]
45,7.626152447231631,7.313762937548719,32.754790236672385,[  13.70605946 -149.59721375],[  31.5317173  -150.52110291],[  39.14331436 -150.05015564],[  46.45682907 -150.1104126 ]
46,7.667575295392821,7.321133066762044,33.20924652967941,[  14.06985569 -149.30488586],[  32.29628754 -150.5145874 ],[  39.94879532 -150.03413391],[  47.26966095 -150.09671021]
47,7.706999657352197,7.328319277970062,33.661694375710866,[  14.44901943 -149.04191589],[  33.07345963 -150.49040222],[  40.7664032  -150.02514648],[  48.0944519  -150.08811951]
48,7.744923476220769,7.335350699847259,34.112170839635326,[  14.84270096 -148.80747986],[  33.86299515 -150.45417786],[  41.5958786  -150.02249146],[  48.93096924 -150.08425903]
49,7.781961829619183,7.342254244108048,34.560295759480574,[  15.25055504 -148.60096741],[  34.66448212 -150.40895081],[  42.43697739 -150.02522278],[  49.7789917  -150.08457947]
50,7.818477524480033,7.3490448880225365,35.00552876587243,[  15.67244339 -148.4221344 ],[  35.47778702 -150.35836792],[  43.28946304 -150.03231812],[  50.63829422 -150.08836365]
51,7.854655486747956,7.35572276500447,35.447868938310926,[  16.10770798 -148.27159119],[  36.30283737 -150.30607605],[  44.1531105  -150.04373169],[  51.50865555 -150.09486389]
52,7.890641799205459,7.362294982127563,35.887696211906295,[  16.55537987 -148.14996338],[  37.1395607  -150.25514221],[  45.02772522 -150.05743408],[  52.38987732 -150.103302  ]
53,7.926453606667053,7.368760142367434,36.32584678518598,[  17.01411629 -148.05770874],[  37.98784637 -150.20806885],[  45.9131279  -150.07176208],[  53.28177261 -150.11300659]
54,7.961986155018631,7.375101222281676,36.763687648338504,[  17.48208427 -147.99539185],[  38.84755325 -150.16670227],[  46.80913162 -150.08612061],[  54.18413925 -150.12327576]
55,7.997126636037911,7.381306291954708,37.203197439987655,[  17.9569397  -147.96354675],[  39.71847916 -150.13227844],[  47.71554184 -150.10029602],[  55.09677124 -150.13398743]
56,8.031757535052721,7.387405357743262,37.64701660213345,[  18.43575287 -147.96264648],[  40.60040665 -150.1053772 ],[  48.63216019 -150.11338806],[  56.01950073 -150.14433289]
57,8.06582438618067,7.393382409426774,38.09801100419734,[  18.91548347 -147.99264526],[  41.49309158 -150.08605957],[  49.55882263 -150.12486267],[  56.95214844 -150.15379333]
58,8.09929133001418,7.399240539781624,38.55786947558846,[  19.39455605 -148.0499115 ],[  42.39626694 -150.07395935],[  50.49533081 -150.13465881],[  57.89451981 -150.16227722]
59,8.132105079928454,7.404994348740693,39.02791096937034,[  19.87187195 -148.12966919],[  43.30971909 -150.06825256],[  51.44148254 -150.14279175],[  58.84642792 -150.16972351]
60,8.16430889832194,7.410631276440736,39.509906691317155,[  20.34583664 -148.22816467],[  44.23321152 -150.06796265],[  52.3971138  -150.14944458],[  59.8076973  -150.17605591]
61,8.195918544751374,7.416155032062489,40.004942240700565,[  20.81550217 -148.34205627],[  45.16652679 -150.07196045],[  53.36202621 -150.15484619],[  60.77813339 -150.18148804]
62,8.226942825450317,7.421580931369205,40.513149934307606,[  21.28085899 -148.46818542],[  46.10948563 -150.07910156],[  54.3360405  -150.15899658],[  61.75757217 -150.18603516]
63,8.25743964535756,7.426896789591329,41.034203289207625,[  21.74230957 -148.60357666],[  47.06188202 -150.08828735],[  55.3189888  -150.16242981],[  62.74583435 -150.1900177 ]
64,8.287384038331265,7.432109574012822,41.57406870680803,[  22.19329262 -148.76280212],[  48.02356339 -150.09849548],[  56.31067657 -150.16549683],[  63.742733   -150.19360352]
65,8.316828758046517,7.4372152293987694,42.12416189582888,[  22.64232063 -148.95318604],[  48.99433517 -150.10951233],[  57.31095505 -150.16845703],[  64.74811554 -150.19699097]
66,8.345750159585926,7.442225303154441,42.690934951857955,[  23.08293915 -149.18582153],[  49.97405243 -150.12075806],[  58.31964874 -150.1714325 ],[  65.76181793 -150.20033264]
67,8.374155507875214,7.447139966421951,43.26725475146555,[  23.5229454  -149.45115662],[  50.96252823 -150.13105774],[  59.33657074 -150.17456055],[  66.78365326 -150.20381165]
68,8.402066571416672,7.451966785949366,43.830582896802646,[  23.98618317 -149.67173767],[  51.95960236 -150.14006042],[  60.36158371 -150.17790222],[  67.81349182 -150.20747375]
69,8.429465402005942,7.45669043829378,44.39523196047611,[  24.4573307  -149.85725403],[  52.96512222 -150.14768982],[  61.39451981 -150.1815033 ],[  68.85115051 -150.21134949]
70,8.456384178077249,7.461318609620568,44.95777486026172,[  24.93910408 -150.02706909],[  53.97890091 -150.15383911],[  62.43522644 -150.18533325],[  69.89648438 -150.21542358]
71,8.482819928003142,7.465847606450969,45.51386013984292,[  25.43548012 -150.18312073],[  55.00077438 -150.15888977],[  63.48353958 -150.18936157],[  70.94932556 -150.21969604]
72,8.508771694395621,7.470292313272725,46.06085805289318,[  25.94879913 -150.32603455],[  56.03059769 -150.16297913],[  64.53931427 -150.19360352],[  72.00954437 -150.22409058]
73,8.534245091533856,7.474641530850163,46.597168731364825,[  26.48033714 -150.45143127],[  57.06820679 -150.16656494],[  65.6023941  -150.19796753],[  73.07697296 -150.22857666]
74,8.55926586651232,7.478883438661835,47.12208551547052,[  27.03049278 -150.55677795],[  58.11344147 -150.16993713],[  66.67264557 -150.20245361],[  74.15146637 -150.23306274]
75,8.583813385733926,7.483057120207831,47.63558941621398,[  27.59901047 -150.64157104],[  59.16614532 -150.17338562],[  67.74989319 -150.20692444],[  75.23288727 -150.23764038]
76,8.607937209860278,7.48713887452915,48.138057585460416,[  28.18528175 -150.70509338],[  60.22616959 -150.17698669],[  68.83403778 -150.2114563 ],[  76.32111359 -150.2421875 ]
77,8.631583719550017,7.491166785907216,48.630043964710346,[  28.78852272 -150.74702454],[  61.29337692 -150.18078613],[  69.92488861 -150.21604919],[  77.41599274 -150.24668884]
78,8.654794084763092,7.495088636735347,49.112167565273076,[  29.40791893 -150.7676239 ],[  62.36762619 -150.18481445],[  71.0223465  -150.22055054],[  78.51737213 -150.25128174]
79,8.67756883259539,7.498949265668991,49.585528638000895,[  30.04223824 -150.76504517],[  63.44877243 -150.18907166],[  72.12626648 -150.22509766],[  79.62515259 -150.25587463]
80,8.699927150840484,7.502710337870366,50.05015168367969,[  30.69134903 -150.74382019],[  64.53666687 -150.19352722],[  73.23651886 -150.22969055],[  80.73916626 -150.26042175]
81,8.721892178333217,7.506387238674043,50.506411679162944,[  31.35482407 -150.70726013],[  65.63115692 -150.1980896 ],[  74.35297394 -150.23429871],[  81.85929871 -150.2649231 ]
82,8.743421892067492,7.510003479393056,50.954809624959026,[  32.03210068 -150.65718079],[  66.73214722 -150.20274353],[  75.47549438 -150.2388916 ],[  82.98543549 -150.26950073]
83,8.764547065534481,7.5135587477281796,51.395526927164326,[  32.72293091 -150.59645081],[  67.83947754 -150.20744324],[  76.6039505 -150.2434845],[  84.1174469  -150.27409363]
84,8.785275580510936,7.517030466804764,51.8285768265368,[  33.42722702 -150.52828979],[  68.95303345 -150.21212769],[  77.73823547 -150.24807739],[  85.25520325 -150.27877808]
85,8.805615376429579,7.520418076750099,52.25390512993786,[  34.14495468 -150.45603943],[  70.07267761 -150.21676636],[  78.8782196  -150.25271606],[  86.39857483 -150.28346252]
86,8.82556638834057,7.523721701760015,52.671422335370885,[  34.87610245 -150.38290405],[  71.19828796 -150.22135925],[  80.02378082 -150.25738525],[  87.54743958 -150.28816223]
87,8.845135871438323,7.526956912894328,53.081031351388894,[  35.62066269 -150.31184387],[  72.3297348  -150.22598267],[  81.17479706 -150.2620697 ],[  88.70169067 -150.29293823]
88,8.864354405345578,7.530130839504219,53.48272975621378,[  36.3785553  -150.24539185],[  73.46691132 -150.23066711],[  82.33119202 -150.26681519],[  89.86125946 -150.29771423]
89,8.883184030106795,7.5332664942684655,53.87647337347291,[  37.14964676 -150.18562317],[  74.60968018 -150.23535156],[  83.49279022 -150.27160645],[  91.02599335 -150.30250549]
90,8.901670272763083,7.536318226420205,54.26231962155741,[  37.93374252 -150.1340332 ],[  75.75793457 -150.24005127],[  84.65953064 -150.27639771],[  92.19578552 -150.30729675]
91,8.919813195559021,7.539263335715961,54.640341263930836,[  38.73060226 -150.09162903],[  76.91156006 -150.24473572],[  85.83129883 -150.28117371],[  93.37049866 -150.31211853]
92,8.937582530849717,7.542185494489431,55.010752945494524,[  39.53993225 -150.05882263],[  78.07044983 -150.24943542],[  87.00795746 -150.286026  ],[  94.55007935 -150.31700134]
93,8.955031247273679,7.5450465559779385,55.37373742374791,[  40.36142349 -150.03559875],[  79.23448181 -150.25421143],[  88.18943787 -150.29090881],[  95.73442078 -150.32189941]
94,8.97215190263205,7.547846332346773,55.72949630611022,[  41.19474411 -150.02223206],[  80.40354919 -150.25898743],[  89.37562561 -150.29579163],[  96.92340851 -150.32673645]
95,8.98891391697569,7.550577632642392,56.078164105716425,[  42.03964615 -150.01707458],[  81.57757568 -150.26377869],[  90.56641388 -150.30067444],[  98.1169281  -150.33161926]
96,9.005355499509314,7.553293611795813,56.41997488146094,[  42.89584732 -150.01852417],[  82.75641632 -150.26858521],[  91.76169586 -150.30557251],[  99.31492615 -150.33650208]
97,9.021499224983694,7.555925730849141,56.75503389070925,[  43.76311111 -150.02539062],[  83.93997955 -150.27345276],[  92.96140289 -150.31045532],[ 100.51726532 -150.34138489]
98,9.03731495204765,7.558496690455472,57.083475383416044,[  44.64122009 -150.03633118],[  85.12818146 -150.27833557],[  94.16542053 -150.31536865],[ 101.72385406 -150.3462677 ]
99,9.052825756110739,7.561014369620239,57.40543074974739,[  45.52996826 -150.04997253],[  86.32090759 -150.28321838],[  95.37365723 -150.32034302],[ 102.93460846 -150.35124207]
100,9.06801619102503,7.563493902144679,57.72099493335967,[  46.42918396 -150.06507874],[  87.51807404 -150.2881012 ],[  96.58601379 -150.32533264],[ 104.14944458 -150.35623169]
101,9.08292409024518,7.56592002936634,58.030299579705456,[  47.33866501 -150.08059692],[  88.7195816  -150.29302979],[  97.8024292  -150.33030701],[ 105.36828613 -150.36120605]
102,9.097595292568318,7.568247037611451,58.333398726035696,[  48.258255   -150.09565735],[  89.92532349 -150.29801941],[  99.02284241 -150.33529663],[ 106.59102631 -150.36621094]
103,9.111961322061147,7.570551532461586,58.63041320882911,[  49.1877594  -150.10964966],[  91.13521576 -150.30299377],[ 100.24710083 -150.340271  ],[ 107.81758881 -150.37129211]
104,9.126037624457432,7.572809939362709,58.92143913137222,[  50.12699127 -150.12216187],[  92.3491745 -150.3079834],[ 101.4751358 -150.3453064],[ 109.04788208 -150.37635803]
105,9.139824199574214,7.5749920530204555,59.206557070140214,[  51.07578659 -150.13296509],[  93.5671463  -150.31295776],[ 102.70689392 -150.35037231],[ 110.2818222  -150.38145447]
106,9.153328489597978,7.57715115350165,59.48589978048751,[  52.03394318 -150.14204407],[  94.78900146 -150.31794739],[ 103.94225311 -150.35545349],[ 111.51934052 -150.38653564]
107,9.166588703791723,7.579248969293561,59.75954678809554,[  53.00128937 -150.14938354],[  96.01464844 -150.32292175],[ 105.18115997 -150.36053467],[ 112.76034546 -150.39155579]
108,9.179589458373837,7.581308826147355,60.02761525247212,[  53.97764587 -150.1552887 ],[  97.24401855 -150.32791138],[ 106.42353058 -150.36561584],[ 114.004776  -150.3966217]
109,9.192307677147323,7.583322969463313,60.29017203981091,[  54.96283722 -150.16014099],[  98.47703552 -150.33296204],[ 107.66926575 -150.37069702],[ 115.25252533 -150.40170288]
110,9.204781632244424,7.585291461609394,60.54736090013089,[  55.9566803  -150.16423035],[  99.71362305 -150.33802795],[ 108.91832733 -150.37576294],[ 116.5035553  -150.40679932]
111,9.216988873723281,7.587237003366593,60.79924582358428,[  56.95901871 -150.16783142],[ 100.95368958 -150.34310913],[ 110.17060089 -150.38092041],[ 117.75777435 -150.41197205]
112,9.22897492735398,7.589106251824749,61.04592496171575,[  57.96967697 -150.17112732],[ 102.19716644 -150.34817505],[ 111.42606354 -150.38607788],[ 119.0151062  -150.41714478]
113,9.240693641249182,7.590944858071216,61.287488892324234,[  58.98849487 -150.17436218],[ 103.44398499 -150.35334778],[ 112.68460083 -150.39126587],[ 120.27548218 -150.4223175 ]
114,9.252175783470802,7.592768268111975,61.524055501841744,[  60.01531601 -150.17762756],[ 104.69406128 -150.35852051],[ 113.94615936 -150.3964386 ],[ 121.53886414 -150.42749023]
115,9.263444429642478,7.5945156346516836,61.755693204831545,[  61.04997253 -150.18104553],[ 105.94733429 -150.36366272],[ 115.21070099 -150.40161133],[ 122.80515289 -150.432724  ]
116,9.274507021443142,7.596232421648194,61.982500805186916,[  62.09231949 -150.18464661],[ 107.20370483 -150.36883545],[ 116.47813416 -150.40679932],[ 124.07430267 -150.43795776]
117,9.285310216096772,7.597941454239724,62.20458479542423,[  63.14219666 -150.1884613 ],[ 108.46315002 -150.37399292],[ 117.74838257 -150.41197205],[ 125.34626007 -150.44314575]
118,9.295892285029387,7.599582010873452,62.42201039465765,[  64.19944763 -150.19248962],[ 109.7256012  -150.37911987],[ 119.02141571 -150.41714478],[ 126.62093353 -150.44837952]
119,9.306245598935497,7.6012071209021865,62.63487302983714,[  65.2639389  -150.19670105],[ 110.99097443 -150.3842926 ],[ 120.29714203 -150.4223938 ],[ 127.89828491 -150.4536438 ]
120,9.316431192801657,7.6027863922264345,62.84327200631365,[  66.33551025 -150.2010498 ],[ 112.25917816 -150.38946533],[ 121.57553101 -150.42767334],[ 129.17825317 -150.45892334]
121,9.326403165877661,7.604319511890159,63.04726035344826,[  67.41402435 -150.20552063],[ 113.53017426 -150.39463806],[ 122.85649872 -150.43295288],[ 130.46075439 -150.46411133]
122,9.336191784519215,7.605829744819953,63.2469457584567,[  68.49935913 -150.20999146],[ 114.80389404 -150.39987183],[ 124.14000702 -150.43823242],[ 131.74577332 -150.46929932]
123,9.345781852575923,7.607302205683375,63.44241208134925,[  69.59135437 -150.21455383],[ 116.08029175 -150.40513611],[ 125.42599487 -150.4434967 ],[ 133.03323364 -150.4745636 ]
124,9.35516599145851,7.608774542008405,63.63375081157018,[  70.68987274 -150.21914673],[ 117.35929108 -150.41041565],[ 126.71437836 -150.4487915 ],[ 134.3230896  -150.47982788]
125,9.364366901405564,7.610155450932417,63.82097733281606,[  71.79480743 -150.22373962],[ 118.64086914 -150.41569519],[ 128.00515747 -150.45405579],[ 135.61524963 -150.48509216]
126,9.373399903967528,7.611529166808072,64.00424454400347,[  72.90600586 -150.22834778],[ 119.92492676 -150.42097473],[ 129.29824829 -150.45930481],[ 136.90971375 -150.490448  ]
127,9.3822347313869,7.612872366708012,64.18360566292951,[  74.02333832 -150.23294067],[ 121.21144104 -150.42622375],[ 130.59359741 -150.46456909],[ 138.20640564 -150.49581909]
128,9.390901963092167,7.61418467415355,64.35913648297277,[  75.14668274 -150.23754883],[ 122.50033569 -150.431427  ],[ 131.89115906 -150.46984863],[ 139.50527954 -150.50111389]
129,9.399393532993761,7.615466715237598,64.53090641803261,[  76.27592468 -150.24214172],[ 123.79157257 -150.43669128],[ 133.19088745 -150.47514343],[ 140.80628967 -150.50648499]
130,9.40774039547817,7.616702603914022,64.69899889084081,[  77.41091919 -150.24673462],[ 125.08507538 -150.44195557],[ 134.49273682 -150.48049927],[ 142.109375   -150.51182556]
131,9.415881141223663,7.617938555376299,64.86348269039586,[  78.55156708 -150.25135803],[ 126.38082886 -150.44726562],[ 135.79663086 -150.48587036],[ 143.414505   -150.51719666]
132,9.423853854075698,7.619189765502058,65.02446431462934,[  79.69774628 -150.25605774],[ 127.67876434 -150.45262146],[ 137.10253906 -150.49124146],[ 144.72166443 -150.52256775]
133,9.431704435179066,7.620379940990759,65.18197471861343,[  80.84933472 -150.26072693],[ 128.9788208  -150.45799255],[ 138.41044617 -150.49661255],[ 146.03076172 -150.52793884]
134,9.439364283125078,7.6215543570637125,65.33605886525173,[  82.00624084 -150.26545715],[ 130.28097534 -150.46337891],[ 139.72026062 -150.5019989 ],[ 147.3417511  -150.53320312]
135,9.446902374088971,7.622668052077675,65.4868397619946,[  83.16831207 -150.27023315],[ 131.58517456 -150.46871948],[ 141.03199768 -150.50741577],[ 148.65460205 -150.53857422]
136,9.454287628552029,7.623766551048488,65.63433229226679,[  84.33548737 -150.27502441],[ 132.89135742 -150.47409058],[ 142.3455658  -150.51280212],[ 149.9692688  -150.54393005]
137,9.461550938708706,7.624819585735953,65.77868178845706,[  85.50760651 -150.27981567],[ 134.19950867 -150.47941589],[ 143.66098022 -150.51817322],[ 151.28573608 -150.54934692]
138,9.468630957477256,7.625888129425128,65.91988800051413,[  86.68460846 -150.28466797],[ 135.50956726 -150.48478699],[ 144.9781189  -150.52354431],[ 152.60394287 -150.55482483]
139,9.475604603189367,7.626910084753789,66.05802672149662,[  87.86638641 -150.28955078],[ 136.82148743 -150.49015808],[ 146.29701233 -150.52902222],[ 153.92385864 -150.56021118]
140,9.48242528712283,7.627902022592282,66.19314435267763,[  89.05283356 -150.29443359],[ 138.13523865 -150.49552917],[ 147.61758423 -150.53440857],[ 155.24542236 -150.56562805]
141,9.489108643125363,7.628863630850845,66.32531724984648,[  90.24384308 -150.29931641],[ 139.45077515 -150.50090027],[ 148.93980408 -150.53979492],[ 156.56860352 -150.5710907 ]
142,9.495654984127492,7.6298398725766585,66.45462883547947,[  91.43933105 -150.30419922],[ 140.76805115 -150.50627136],[ 150.2636261  -150.54525757],[ 157.8934021  -150.57647705]
143,9.502079130833916,7.630770775834973,66.58111018959389,[  92.63919067 -150.30908203],[ 142.08703613 -150.5116272 ],[ 151.58903503 -150.55067444],[ 159.21974182 -150.58192444]
144,9.508365761556847,7.63165584067684,66.70479908371946,[  93.84333801 -150.31401062],[ 143.40769958 -150.51705933],[ 152.91598511 -150.55612183],[ 160.5475769  -150.58738708]
145,9.51449974302953,7.6325864940518535,66.8258326581861,[  95.051651   -150.31898499],[ 144.72998047 -150.52252197],[ 154.24440002 -150.56158447],[ 161.87692261 -150.59281921]
146,9.520541734959771,7.633456612912906,66.94418840019377,[  96.26409149 -150.32397461],[ 146.05386353 -150.52799988],[ 155.57432556 -150.56695557],[ 163.2077179  -150.59828186]
147,9.526447024223492,7.634311097905802,67.0599426030331,[  97.48053741 -150.32894897],[ 147.37930298 -150.53341675],[ 156.90567017 -150.57241821],[ 164.53991699 -150.60374451]
148,9.532260886628709,7.635150386860283,67.17316386816024,[  98.70093536 -150.3339386 ],[ 148.70626831 -150.5388031 ],[ 158.2384491  -150.57788086],[ 165.87353516 -150.60922241]
149,9.53795274268942,7.635959033253792,67.28391323023006,[  99.92514801 -150.33891296],[ 150.034729   -150.54418945],[ 159.57260132 -150.58335876],[ 167.20849609 -150.61468506]
150,9.543522153760506,7.636767804876689,67.39225910305869,[ 101.15310669 -150.34396362],[ 151.36465454 -150.5496521 ],[ 160.90809631 -150.58882141],[ 168.5447998  -150.62016296]
151,9.549000075524837,7.637545933964922,67.49820917853759,[ 102.38474274 -150.3490448 ],[ 152.69598389 -150.55511475],[ 162.24490356 -150.59429932],[ 169.88238525 -150.62562561]
152,9.554371124078344,7.638324188256414,67.60185525876209,[ 103.6199646  -150.35412598],[ 154.02870178 -150.56057739],[ 163.58299255 -150.59976196],[ 171.22125244 -150.63110352]
153,9.559620040862512,7.639056603966368,67.70317426817313,[ 104.85871887 -150.35922241],[ 155.36279297 -150.5660553 ],[ 164.92233276 -150.60522461],[ 172.56132507 -150.63656616]
154,9.564792477203238,7.6397736358819035,67.80229615542795,[ 106.10090637 -150.36428833],[ 156.69821167 -150.5716095 ],[ 166.26292419 -150.61071777],[ 173.90263367 -150.64202881]
155,9.569843406274575,7.6404750973121605,67.89923599165127,[ 107.34645081 -150.36936951],[ 158.03494263 -150.57710266],[ 167.60470581 -150.61628723],[ 175.24511719 -150.64749146]
156,9.574787337449665,7.641177182829563,67.99404749468667,[ 108.59528351 -150.37446594],[ 159.37294006 -150.58256531],[ 168.94764709 -150.6217804 ],[ 176.58876038 -150.6530304 ]
157,9.579670109017139,7.64186413496655,68.08679163680439,[ 109.84732819 -150.37953186],[ 160.7121582  -150.58804321],[ 170.29174805 -150.6272583 ],[ 177.93354797 -150.65858459]
158,9.58444613244092,7.642505123874086,68.17746766761712,[ 111.10253906 -150.38468933],[ 162.05262756 -150.59350586],[ 171.63699341 -150.63273621],[ 179.2794342  -150.66409302]
159,9.589115595232057,7.64317619232026,68.26615994745963,[ 112.36081696 -150.3898468 ],[ 163.39425659 -150.59898376],[ 172.98329163 -150.63829041],[ 180.62640381 -150.66957092]
160,9.593708577254969,7.643832127563971,68.35291450242065,[ 113.62210083 -150.39501953],[ 164.73704529 -150.60452271],[ 174.33067322 -150.64385986],[ 181.97444153 -150.6750946 ]
161,9.598209632255024,7.644412331336577,68.43773896182296,[ 114.88630676 -150.40020752],[ 166.08099365 -150.61006165],[ 175.67912292 -150.64933777],[ 183.32347107 -150.68066406]
162,9.602589117905291,7.645068453757516,68.52067878901724,[ 116.15343475 -150.40539551],[ 167.42602539 -150.61552429],[ 177.02853394 -150.65486145],[ 184.67353821 -150.68618774]
163,9.60690750654137,7.6456786752190595,68.60182547345822,[ 117.42336273 -150.41065979],[ 168.77217102 -150.62104797],[ 178.3789978  -150.66043091],[ 186.02461243 -150.69172668]
164,9.611149226806937,7.646243433182944,68.68111841816213,[ 118.69606018 -150.41590881],[ 170.11935425 -150.62661743],[ 179.73042297 -150.66595459],[ 187.37660217 -150.69729614]
165,9.615253931599437,7.646823137277084,68.75864892500653,[ 119.97145081 -150.42111206],[ 171.46759033 -150.63212585],[ 181.08276367 -150.67149353],[ 188.72952271 -150.70280457]
166,9.619358949192629,7.647402903941639,68.83453174653587,[ 121.2494812  -150.42630005],[ 172.81681824 -150.6375885 ],[ 182.43609619 -150.67706299],[ 190.08343506 -150.70835876]
167,9.623417878151258,7.647906627221647,68.90869021435644,[ 122.53007507 -150.43153381],[ 174.16700745 -150.64308167],[ 183.79034424 -150.68258667],[ 191.43818665 -150.71392822]
168,9.627354612572056,7.648455876503914,68.9812158178692,[ 123.8132019 -150.4367981],[ 175.51817322 -150.64865112],[ 185.14544678 -150.68815613],[ 192.7938385  -150.71948242]
169,9.631215053716446,7.6489442161663,69.05213163265344,[ 125.09879303 -150.44207764],[ 176.87033081 -150.65420532],[ 186.50146484 -150.69371033],[ 194.15034485 -150.72505188]
170,9.634953425600452,7.649478269300499,69.12149869335268,[ 126.38678741 -150.44735718],[ 178.22341919 -150.65977478],[ 187.85829163 -150.69927979],[ 195.50770569 -150.73062134]
171,9.638661342738773,7.649981742614118,69.18934757982609,[ 127.67712402 -150.45262146],[ 179.57739258 -150.66534424],[ 189.2159729 -150.7048645],[ 196.8658905 -150.7361908]
172,9.642277270552453,7.650485591211359,69.25567804193321,[ 128.9697876 -150.457901 ],[ 180.93226624 -150.67089844],[ 190.57446289 -150.71032715],[ 198.22488403 -150.74172974]
173,9.645862993653493,7.650943413670708,69.32052816382621,[ 130.26469421 -150.46327209],[ 182.28797913 -150.6764679 ],[ 191.9337616  -150.71588135],[ 199.5846405  -150.74729919]
174,9.649357102586668,7.651401236153452,69.38395929281604,[ 131.5617981  -150.46862793],[ 183.64456177 -150.68205261],[ 193.2938385  -150.72143555],[ 200.94517517 -150.75286865]
175,9.652775105145903,7.651843674635852,69.44595598270202,[ 132.86106873 -150.47399902],[ 185.00196838 -150.68760681],[ 194.65466309 -150.727005  ],[ 202.30644226 -150.75842285]
176,9.656163026943556,7.652270729321785,69.50659471429952,[ 134.16244507 -150.47937012],[ 186.36016846 -150.69309998],[ 196.01625061 -150.73262024],[ 203.66845703 -150.76399231]
177,9.659444390010751,7.652728114377589,69.56592113860033,[ 135.46585083 -150.48475647],[ 187.71916199 -150.69857788],[ 197.37852478 -150.73828125],[ 205.03118896 -150.76956177]
178,9.662694672835745,7.653124714905917,69.62385902478005,[ 136.77131653 -150.49012756],[ 189.07891846 -150.70411682],[ 198.74153137 -150.74386597],[ 206.39459229 -150.77511597]
179,9.665883732775272,7.653536698776174,69.68057659284399,[ 138.07873535 -150.49542236],[ 190.43945312 -150.70968628],[ 200.10525513 -150.74943542],[ 207.75872803 -150.78068542]
180,9.668996186089341,7.65393367342676,69.73599761216288,[ 139.38807678 -150.50068665],[ 191.80070496 -150.71534729],[ 201.46961975 -150.75502014],[ 209.12348938 -150.78633118]
181,9.672062801784174,7.654315515018168,69.79019768883269,[ 140.6993103  -150.50602722],[ 193.16268921 -150.7210083 ],[ 202.83467102 -150.7605896 ],[ 210.48892212 -150.79199219]
182,9.675083580345493,7.65474325926746,69.8432686247361,[ 142.01235962 -150.51138306],[ 194.52536011 -150.72666931],[ 204.20036316 -150.7661438 ],[ 211.8550415  -150.79766846]
183,9.678028315527172,7.65510965574896,69.89510323391447,[ 143.32722473 -150.51675415],[ 195.88874817 -150.73226929],[ 205.56669617 -150.771698  ],[ 213.22174072 -150.80326843]
184,9.680942906605695,7.655399381633461,69.94570176646779,[ 144.6438446  -150.52212524],[ 197.25276184 -150.73783875],[ 206.93362427 -150.77731323],[ 214.58895874 -150.80883789]
185,9.683781453774463,7.655749891725625,69.99524745142185,[ 145.96218872 -150.52749634],[ 198.61746216 -150.7434082 ],[ 208.30116272 -150.7829895 ],[ 215.95684814 -150.81440735]
186,9.686604493336421,7.656054877223381,70.04367887891699,[ 147.2822113  -150.53295898],[ 199.98278809 -150.74897766],[ 209.66931152 -150.78860474],[ 217.32530212 -150.81997681]
187,9.68935111480799,7.656375496809528,70.09107296763572,[ 148.60386658 -150.53842163],[ 201.34877014 -150.75454712],[ 211.03804016 -150.79418945],[ 218.6943512 -150.8256073]
188,9.692097986213703,7.656634956667037,70.13736849528938,[ 149.92715454 -150.54389954],[ 202.71534729 -150.76011658],[ 212.40736389 -150.79983521],[ 220.06393433 -150.83126831]
189,9.694692146229729,7.657001478096492,70.18267227249919,[ 151.2519989  -150.54937744],[ 204.08253479 -150.76567078],[ 213.77714539 -150.80543518],[ 221.43408203 -150.83694458]
190,9.697240154971453,7.657352301756911,70.22695346935274,[ 152.5783844  -150.55480957],[ 205.45030212 -150.77131653],[ 215.14746094 -150.81103516],[ 222.80474854 -150.84251404]
191,9.69977315520833,7.657657161712612,70.27025836196609,[ 153.90626526 -150.56019592],[ 206.81864929 -150.77696228],[ 216.51834106 -150.81669617],[ 224.17593384 -150.84809875]
192,9.702229487491433,7.657946888690959,70.31258663776312,[ 155.23561096 -150.56556702],[ 208.18757629 -150.78263855],[ 217.88972473 -150.82229614],[ 225.54760742 -150.85365295]
193,9.704655552347722,7.658312909264957,70.35402978618859,[ 156.56640625 -150.57099915],[ 209.55702209 -150.7882843 ],[ 219.26159668 -150.82792664],[ 226.91984558 -150.85923767]
194,9.707036090639507,7.658648662216812,70.39452696014897,[ 157.89860535 -150.57647705],[ 210.92700195 -150.79386902],[ 220.63395691 -150.83355713],[ 228.2925415  -150.86488342]
195,9.70935540719587,7.658954210457143,70.43409348082825,[ 159.23219299 -150.58192444],[ 212.29753113 -150.79942322],[ 222.00680542 -150.83911133],[ 229.66569519 -150.87052917]
196,9.711705615658126,7.65925932109536,70.47283597130573,[ 160.56710815 -150.58740234],[ 213.66853333 -150.80500793],[ 223.38015747 -150.8447876 ],[ 231.03935242 -150.87619019]
197,9.714025370132129,7.659579752972585,70.51067820079719,[ 161.90335083 -150.59288025],[ 215.03997803 -150.81056213],[ 224.75392151 -150.85044861],[ 232.41343689 -150.8818512 ]
198,9.716298847913922,7.659869855331053,70.54769652515436,[ 163.24085999 -150.5983429 ],[ 216.41194153 -150.81619263],[ 226.12815857 -150.85606384],[ 233.78796387 -150.88751221]
199,9.71849578233814,7.660144448590391,70.58389044405054,[ 164.5796051 -150.6038208],[ 217.78440857 -150.82185364],[ 227.50282288 -150.86164856],[ 235.16290283 -150.89308167]
200,9.720708413189232,7.660403720657914,70.61929122526618,[ 165.91960144 -150.60926819],[ 219.15733337 -150.82746887],[ 228.87796021 -150.86729431],[ 236.53829956 -150.8986969 ]
201,9.722859946907349,7.66063260057077,70.65386778865627,[ 167.26080322 -150.61482239],[ 220.5307312  -150.83311462],[ 230.25350952 -150.87295532],[ 237.91407776 -150.90435791]
202,9.72499628451589,7.660846221822872,70.68769667767604,[ 168.60316467 -150.62037659],[ 221.90457153 -150.83874512],[ 231.62948608 -150.87861633],[ 239.29026794 -150.91001892]
203,9.727071524948798,7.661105431558829,70.72080834712844,[ 169.94665527 -150.62585449],[ 223.27883911 -150.84434509],[ 233.00582886 -150.88423157],[ 240.66687012 -150.91558838]
204,9.729146890594686,7.661334436442764,70.75314201242314,[ 171.29129028 -150.63137817],[ 224.65350342 -150.84992981],[ 234.38256836 -150.88986206],[ 242.0438385  -150.92124939]
205,9.731130641746358,7.661563253862064,70.7847738418299,[ 172.63700867 -150.6368866 ],[ 226.02864075 -150.85557556],[ 235.75968933 -150.89553833],[ 243.42118835 -150.9269104 ]
206,9.733098758529774,7.6617618666163585,70.81568870176828,[ 173.98377991 -150.64234924],[ 227.40415955 -150.86123657],[ 237.13717651 -150.90113831],[ 244.7988739  -150.93257141]
207,9.73500602860699,7.662006067800645,70.84593180545626,[ 175.33163452 -150.64790344],[ 228.78010559 -150.86689758],[ 238.51502991 -150.90678406],[ 246.17697144 -150.93823242]
208,9.736913423751675,7.662204493030211,70.87551884925715,[ 176.6804657  -150.65345764],[ 230.15641785 -150.87254333],[ 239.89324951 -150.91244507],[ 247.5553894  -150.94390869]
209,9.738744463067103,7.66241773888676,70.90438823584323,[ 178.03036499 -150.6590271 ],[ 231.53314209 -150.87820435],[ 241.27180481 -150.91810608],[ 248.93415833 -150.94947815]
210,9.740590823567992,7.662615914202406,70.93261732131934,[ 179.38124084 -150.66452026],[ 232.91020203 -150.88386536],[ 242.65071106 -150.92378235],[ 250.31326294 -150.95510864]
211,9.742391158111724,7.662799205416158,70.96028202390657,[ 180.73300171 -150.66999817],[ 234.28764343 -150.88952637],[ 244.029953   -150.92939758],[ 251.69268799 -150.96076965]
212,9.74411501265096,7.662997818130641,70.98729047906846,[ 182.08573914 -150.67549133],[ 235.66546631 -150.89520264],[ 245.40950012 -150.9349823 ],[ 253.07243347 -150.96641541]
213,9.745854313373206,7.663181172658183,71.01371898006023,[ 183.43937683 -150.68104553],[ 237.04360962 -150.90086365],[ 246.78938293 -150.94059753],[ 254.45249939 -150.97209167]
214,9.747563407993546,7.663364276580595,71.03956752686548,[ 184.79389954 -150.68661499],[ 238.42208862 -150.90649414],[ 248.16957092 -150.94625854],[ 255.83287048 -150.97775269]
215,9.749242234674142,7.663547317810701,71.06482098589727,[ 186.14930725 -150.69216919],[ 239.80088806 -150.9120636 ],[ 249.55004883 -150.95191956],[ 257.21353149 -150.98339844]
216,9.750874973843857,7.6637152257654275,71.08949467834658,[ 187.50558472 -150.69773865],[ 241.18003845 -150.91770935],[ 250.93083191 -150.95758057],[ 258.59448242 -150.98907471]
217,9.75249239196508,7.663898329688056,71.11368003111393,[ 188.86265564 -150.70330811],[ 242.55949402 -150.92337036],[ 252.31190491 -150.96324158],[ 259.97573853 -150.99473572]
218,9.754110059771026,7.664050728316653,71.137331393281,[ 190.22053528 -150.70887756],[ 243.93925476 -150.92903137],[ 253.69328308 -150.96896362],[ 261.35726929 -151.00041199]
219,9.755666881004426,7.664218136050966,71.1603876051393,[ 191.57925415 -150.71444702],[ 245.31930542 -150.93469238],[ 255.07489014 -150.97473145],[ 262.73904419 -151.006073  ]
220,9.75722338966014,7.664340142960696,71.18297086104317,[ 192.9387207  -150.72001648],[ 246.69967651 -150.94035339],[ 256.45681763 -150.98042297],[ 264.12109375 -151.01174927]
221,9.758718801045735,7.664523184549766,71.20505026848416,[ 194.29896545 -150.72564697],[ 248.08032227 -150.9460144 ],[ 257.83895874 -150.98609924],[ 265.50341797 -151.01741028]
222,9.76019889110026,7.664706226172264,71.22665684503052,[ 195.65995789 -150.73123169],[ 249.46125793 -150.95169067],[ 259.22137451 -150.99177551],[ 266.88601685 -151.02307129]
223,9.76169417717313,7.664828357784601,71.24777520694718,[ 197.02165222 -150.73680115],[ 250.842453   -150.95735168],[ 260.60406494 -150.99742126],[ 268.26882935 -151.0287323 ]
224,9.763143312135508,7.66498131893685,71.2684510676961,[ 198.38406372 -150.74237061],[ 252.22393799 -150.96302795],[ 261.98699951 -151.00299072],[ 269.6519165  -151.03439331]
225,9.764577751238116,7.6651035133108465,71.2886387138214,[ 199.74717712 -150.74794006],[ 253.60568237 -150.96864319],[ 263.37017822 -151.00863647],[ 271.03521729 -151.04006958]
226,9.766027699393021,7.665225582596954,71.30841431357787,[ 201.11094666 -150.75350952],[ 254.98765564 -150.97421265],[ 264.75360107 -151.01429749],[ 272.41876221 -151.04573059]
227,9.767385657572342,7.665378231790919,71.32774722458474,[ 202.47537231 -150.75912476],[ 256.36990356 -150.97987366],[ 266.13720703 -151.01994324],[ 273.80252075 -151.0513916 ]
228,9.768728482312946,7.6655308183974045,71.3466834104214,[ 203.84043884 -150.76473999],[ 257.75241089 -150.98551941],[ 267.52105713 -151.02560425],[ 275.18652344 -151.05705261]
229,9.770040789742206,7.665652825098587,71.36514670280708,[ 205.2061615  -150.77032471],[ 259.13516235 -150.99118042],[ 268.90512085 -151.03128052],[ 276.57070923 -151.06271362]
230,9.771383301583706,7.665775207603792,71.38316780665,[ 206.57254028 -150.77590942],[ 260.51809692 -150.99690247],[ 270.28939819 -151.03694153],[ 277.95510864 -151.06845093]
231,9.772695859304664,7.665927418441278,71.40086779084396,[ 207.93948364 -150.78158569],[ 261.90127563 -151.00257874],[ 271.67388916 -151.04269409],[ 279.3397522  -151.07411194]
232,9.773977649427412,7.666049425208541,71.41815629137065,[ 209.30702209 -150.78715515],[ 263.28469849 -151.008255  ],[ 273.05859375 -151.04838562],[ 280.72457886 -151.07978821]
233,9.775259376906188,7.666140977174802,71.43501748688048,[ 210.6751709  -150.79272461],[ 264.66833496 -151.01391602],[ 274.44351196 -151.05404663],[ 282.10958862 -151.08544922]
234,9.776510399271135,7.666263046463179,71.45154292932635,[ 212.04386902 -150.79832458],[ 266.05218506 -151.01963806],[ 275.82861328 -151.0597229 ],[ 283.49481201 -151.09112549]
235,9.777731029593669,7.666385115751589,71.4677323686182,[ 213.41308594 -150.8039856 ],[ 267.43624878 -151.02531433],[ 277.21389771 -151.06538391],[ 284.88021851 -151.0967865 ]
236,9.778982239791612,7.666476667717917,71.48360168863445,[ 214.7828064  -150.80957031],[ 268.82049561 -151.03097534],[ 278.59939575 -151.07104492],[ 286.26580811 -151.10244751]
237,9.780141898026251,7.666568157198802,71.49902857000559,[ 216.15312195 -150.81513977],[ 270.20498657 -151.03665161],[ 279.98504639 -151.07672119],[ 287.65155029 -151.10810852]
238,9.781332073585256,7.666690226488288,71.51418042037267,[ 217.52392578 -150.82080078],[ 271.58963013 -151.04231262],[ 281.37088013 -151.0823822 ],[ 289.0375061  -151.11376953]
239,9.782491669335702,7.6667819034532325,71.52898157160304,[ 218.89523315 -150.82641602],[ 272.9744873  -151.04797363],[ 282.75689697 -151.08802795],[ 290.4236145 -151.1194458]
240,9.783620935249473,7.666904223096835,71.54344753247848,[ 220.26705933 -150.83198547],[ 274.35952759 -151.05363464],[ 284.14306641 -151.09371948],[ 291.80990601 -151.12519836]
241,9.784750514317848,7.666995337260533,71.5576075698289,[ 221.63934326 -150.83764648],[ 275.74475098 -151.05929565],[ 285.52941895 -151.0994873 ],[ 293.1963501  -151.13085938]
242,9.785879655183896,7.667086951679342,71.57144717534509,[ 223.01210022 -150.84332275],[ 277.13012695 -151.06495667],[ 286.91592407 -151.10514832],[ 294.58294678 -151.13653564]
243,9.78697809085109,7.667208958519094,71.58501243754846,[ 224.38531494 -150.84890747],[ 278.51568604 -151.07067871],[ 288.30258179 -151.11082458],[ 295.96972656 -151.14219666]
244,9.788076589301197,7.667269993164416,71.59825726787733,[ 225.75897217 -150.85449219],[ 279.90142822 -151.07637024],[ 289.68942261 -151.1164856 ],[ 297.35662842 -151.14785767]
245,9.789114240785906,7.667361795109125,71.61119730020874,[ 227.13308716 -150.86006165],[ 281.28735352 -151.08203125],[ 291.0763855  -151.12216187],[ 298.74368286 -151.15359497]
246,9.79018228451093,7.6674228923220715,71.62384698025718,[ 228.50764465 -150.86567688],[ 282.6734314  -151.08770752],[ 292.46353149 -151.12782288],[ 300.13088989 -151.15927124]
247,9.79118904384996,7.667545024206767,71.63622187931841,[ 229.88262939 -150.87130737],[ 284.05966187 -151.09342957],[ 293.85076904 -151.13346863],[ 301.51824951 -151.16493225]
248,9.792257524927882,7.667605746160469,71.64829154262974,[ 231.25804138 -150.87696838],[ 285.4460144  -151.09909058],[ 295.2381897  -151.13922119],[ 302.9057312  -151.17060852]
249,9.79326472165155,7.667697610812732,71.6601327012748,[ 232.63383484 -150.88262939],[ 286.83255005 -151.10475159],[ 296.62573242 -151.14491272],[ 304.29336548 -151.17637634]
250,9.794241150851443,7.667789100179366,71.6716835075644,[ 234.01004028 -150.88829041],[ 288.21923828 -151.11045837],[ 298.01339722 -151.15058899],[ 305.68112183 -151.18203735]
251,9.795217642651986,7.667880714739959,71.68303601382293,[ 235.38659668 -150.89395142],[ 289.6060791  -151.11613464],[ 299.4012146 -151.15625  ],[ 307.06903076 -151.18771362]
252,9.796224901845726,7.667911044364339,71.6940985430133,[ 236.76353455 -150.89961243],[ 290.99304199 -151.12179565],[ 300.78918457 -151.16195679],[ 308.45703125 -151.19337463]
253,9.797170688809425,7.668002471352317,71.70494745097817,[ 238.14083862 -150.90527344],[ 292.38015747 -151.12754822],[ 302.17724609 -151.16764832],[ 309.84518433 -151.19903564]
254,9.79808614604806,7.668063505997247,71.71553689923111,[ 239.51849365 -150.91094971],[ 293.76742554 -151.13322449],[ 303.56542969 -151.17330933],[ 311.23342896 -151.20469666]
255,9.799032432919894,7.668124603114964,71.72588264644806,[ 240.89651489 -150.91661072],[ 295.15478516 -151.13890076],[ 304.95373535 -151.17904663],[ 312.62179565 -151.21044922]
256,9.799978532422845,7.668216280116794,71.73604503970854,[ 242.27487183 -150.92228699],[ 296.54226685 -151.14456177],[ 306.34216309 -151.1847229 ],[ 314.01031494 -151.21615601]
257,9.800863472243284,7.66827731476026,71.74597842804977,[ 243.65354919 -150.927948  ],[ 297.92993164 -151.15023804],[ 307.73071289 -151.19038391],[ 315.39892578 -151.22181702]
258,9.801778991907131,7.66836892928735,71.7557138288241,[ 245.032547   -150.93353271],[ 299.31765747 -151.15589905],[ 309.11935425 -151.19604492],[ 316.78765869 -151.22749329]
259,9.802664244403877,7.6683685543715265,71.76515906501632,[ 246.41189575 -150.93916321],[ 300.70556641 -151.16159058],[ 310.50814819 -151.20179749],[ 318.17645264 -151.2331543 ]
260,9.803549246725716,7.668459732522158,71.77448210691352,[ 247.79151917 -150.94482422],[ 302.09353638 -151.16734314],[ 311.89700317 -151.20755005],[ 319.56539917 -151.23881531]
261,9.804434562218837,7.668520394448771,71.78356101025358,[ 249.17147827 -150.95048523],[ 303.48162842 -151.17301941],[ 313.28598022 -151.21330261],[ 320.95443726 -151.24447632]
262,9.805289047194517,7.668581553219055,71.79248745197796,[ 250.55171204 -150.95614624],[ 304.86987305 -151.17868042],[ 314.67507935 -151.21896362],[ 322.34359741 -151.25016785]
263,9.80617404949208,7.668642898694728,71.80115474645149,[ 251.93226624 -150.96180725],[ 306.25814819 -151.18435669],[ 316.0642395  -151.22463989],[ 323.7328186  -151.25592041]
264,9.806967562518006,7.668704182547503,71.80969978414934,[ 253.31306458 -150.96748352],[ 307.64663696 -151.19000244],[ 317.45352173 -151.2303009 ],[ 325.12216187 -151.26164246]
265,9.807821796900093,7.668734699870759,71.81800080829505,[ 254.69416809 -150.97306824],[ 309.03515625 -151.19572449],[ 318.84289551 -151.23596191],[ 326.51156616 -151.26730347]
266,9.808614872109171,7.668857081346064,71.82622572674636,[ 256.07553101 -150.97868347],[ 310.42382812 -151.20147705],[ 320.23236084 -151.24162292],[ 327.90115356 -151.27304077]
267,9.809438527875406,7.668949071637195,71.83422170284292,[ 257.45718384 -150.98434448],[ 311.81256104 -151.20721436],[ 321.62191772 -151.24728394],[ 329.290802   -151.27880859]
268,9.810232040623424,7.668949134376499,71.84197335276255,[ 258.83908081 -150.98999023],[ 313.20141602 -151.21289062],[ 323.01156616 -151.25297546],[ 330.68045044 -151.28451538]
269,9.811056382837345,7.668979213160708,71.84957216586528,[ 260.22125244 -150.99565125],[ 314.59033203 -151.21856689],[ 324.40130615 -151.25874329],[ 332.07022095 -151.29017639]
270,9.811819378385955,7.669009730482491,71.85704859702398,[ 261.6036377  -151.00140381],[ 315.97940063 -151.22422791],[ 325.7911377  -151.26441956],[ 333.46008301 -151.29585266]
271,9.812673925915393,7.669101219922311,71.86440314657814,[ 262.98629761 -151.00709534],[ 317.36846924 -151.22988892],[ 327.18106079 -151.27009583],[ 334.85009766 -151.30151367]
272,9.813436796459113,7.6691317997696435,71.87157465475278,[ 264.36917114 -151.01277161],[ 318.75772095 -151.23554993],[ 328.57107544 -151.27574158],[ 336.24014282 -151.30717468]
273,9.814230622193907,7.669131487446768,71.87850208687375,[ 265.75228882 -151.01844788],[ 320.14697266 -151.24121094],[ 329.96112061 -151.28149414],[ 337.63018799 -151.31285095]
274,9.814871736632869,7.669253744038592,71.88539950172029,[ 267.1355896  -151.02409363],[ 321.53640747 -151.24687195],[ 331.35119629 -151.28721619],[ 339.02038574 -151.31861877]
275,9.815634356354005,7.669253931611485,71.89205240294712,[ 268.51916504 -151.0297699 ],[ 322.9258728  -151.25260925],[ 332.74142456 -151.2928772 ],[ 340.41061401 -151.32432556]
276,9.816366334493221,7.669345546160417,71.89867484937268,[ 269.90292358 -151.03540039],[ 324.31542969 -151.25837708],[ 334.13171387 -151.29853821],[ 341.80099487 -151.33000183]
277,9.81716015984547,7.669345108708064,71.90514452162934,[ 271.28689575 -151.0410614 ],[ 325.70507812 -151.26405334],[ 335.52215576 -151.30430603],[ 343.19143677 -151.33566284]
278,9.817923155457468,7.6693758133278,71.91140082271184,[ 272.67108154 -151.04672241],[ 327.09472656 -151.26971436],[ 336.91256714 -151.3099823 ],[ 344.58187866 -151.34138489]
279,9.818533501886575,7.669437035540831,71.91750453720246,[ 274.05548096 -151.05238342],[ 328.48455811 -151.27539062],[ 338.30300903 -151.31565857],[ 345.97238159 -151.34710693]
280,9.819235025256775,7.669498070183963,71.92354696693583,[ 275.44006348 -151.05804443],[ 329.87442017 -151.28114319],[ 339.693573   -151.32131958],[ 347.36300659 -151.35276794]
281,9.820028725547825,7.669528462431057,71.92943706017918,[ 276.8248291  -151.06370544],[ 331.26425171 -151.28683472],[ 341.084198   -151.32707214],[ 348.75366211 -151.35848999]
282,9.820944307735383,7.669589559596758,71.93526605625736,[ 278.20980835 -151.06936646],[ 332.65408325 -151.29251099],[ 342.47494507 -151.33276367],[ 350.14447021 -151.36419678]
283,9.82152419939842,7.669589497075196,71.94097267037725,[ 279.59494019 -151.07505798],[ 334.04434204 -151.298172  ],[ 343.86578369 -151.33843994],[ 351.53530884 -151.36985779]
284,9.822103840945696,7.669589559596758,71.94643508344696,[ 280.98028564 -151.08078003],[ 335.43457031 -151.30387878],[ 345.2565918  -151.34410095],[ 352.92611694 -151.37553406]
285,9.822683670068555,7.669650281938658,71.95180581962398,[ 282.36578369 -151.08653259],[ 336.82479858 -151.30963135],[ 346.6473999  -151.34985352],[ 354.31698608 -151.38121033]
286,9.823415898477942,7.66971150387329,71.95714666348837,[ 283.75146484 -151.09222412],[ 338.21502686 -151.31539917],[ 348.0383606  -151.35557556],[ 355.70800781 -151.38697815]
287,9.824209224118512,7.669711628884065,71.96230421593022,[ 285.1373291  -151.09790039],[ 339.60525513 -151.32110596],[ 349.42938232 -151.36125183],[ 357.09902954 -151.39268494]
288,9.82494163987864,7.669803243399744,71.96740067122303,[ 286.52331543 -151.1035614 ],[ 340.99551392 -151.32676697],[ 350.82037354 -151.36691284],[ 358.4901123  -151.39836121]
289,9.825552298369033,7.669833385877112,71.97246654669244,[ 287.90945435 -151.10922241],[ 342.38607788 -151.33244324],[ 352.21154785 -151.37266541],[ 359.88131714 -151.40402222]
290,9.826132314982345,7.66983357316262,71.97731917594642,[ 289.29580688 -151.11488342],[ 343.77670288 -151.33810425],[ 353.60275269 -151.37837219],[ 361.27252197 -151.40977478]
291,9.826742598904532,7.669803305980276,71.98204954840696,[ 290.68228149 -151.12055969],[ 345.16732788 -151.34378052],[ 354.99398804 -151.3840332 ],[ 362.66372681 -151.41549683]
292,9.827322303072075,7.66983357316262,71.98665766402428,[ 292.06890869 -151.1262207 ],[ 346.55795288 -151.34953308],[ 356.38519287 -151.38975525],[ 364.05496216 -151.42115784]
293,9.827932649522637,7.669955642451982,71.99126602972406,[ 293.45565796 -151.13186646],[ 347.94857788 -151.35523987],[ 357.77642822 -151.39546204],[ 365.44631958 -151.42686462]
294,9.828726037477509,7.669956080506994,71.9957829685592,[ 294.84255981 -151.13754272],[ 349.33920288 -151.36091614],[ 359.16784668 -151.40112305],[ 366.83773804 -151.43263245]
295,9.82948934546457,7.669955892586998,72.00008603601472,[ 296.22964478 -151.14321899],[ 350.72982788 -151.36657715],[ 360.55923462 -151.40687561],[ 368.22912598 -151.43833923]
296,9.829947042747085,7.67004731942433,72.00444970036813,[ 297.61682129 -151.14897156],[ 352.12081909 -151.37229919],[ 361.95068359 -151.4125824 ],[ 369.6206665 -151.4440155]
297,9.830526809347845,7.6700472569065,72.00875245521537,[ 299.00411987 -151.15467834],[ 353.51184082 -151.37799072],[ 363.34228516 -151.41825867],[ 371.01226807 -151.44967651]
298,9.831137155790106,7.670047569799202,72.01287260626813,[ 300.39160156 -151.16033936],[ 354.90283203 -151.38365173],[ 364.73388672 -151.42391968],[ 372.40386963 -151.45541382]
299,9.831716984910843,7.67004731942433,72.0168705004893,[ 301.77920532 -151.16600037],[ 356.29385376 -151.3894043 ],[ 366.12548828 -151.42967224],[ 373.79547119 -151.46110535]
300,9.83229687653601,7.670047069535142,72.02077671769541,[ 303.16690063 -151.17166138],[ 357.68487549 -151.39511108],[ 367.51708984 -151.43539429],[ 375.18707275 -151.46676636]
301,9.832876768178059,7.670077586857992,72.02456061556481,[ 304.55474854 -151.17739868],[ 359.07589722 -151.40077209],[ 368.90869141 -151.44107056],[ 376.57870483 -151.47244263]
302,9.83357847909347,7.670138933937338,72.02843656550836,[ 305.94265747 -151.18307495],[ 360.46691895 -151.40647888],[ 370.30041504 -151.44673157],[ 377.9704895  -151.47817993]
303,9.834402446800196,7.670138746386087,72.03215980382531,[ 307.33074951 -151.18875122],[ 361.85791016 -151.41223145],[ 371.69223022 -151.45248413],[ 379.36230469 -151.48388672]
304,9.83495157135743,7.670138496742722,72.03579136514064,[ 308.71890259 -151.19441223],[ 363.24914551 -151.41799927],[ 373.08401489 -151.45820618],[ 380.75408936 -151.48954773]
305,9.835348234191791,7.670199906033623,72.039361891815,[ 310.10717773 -151.20016479],[ 364.64053345 -151.42367554],[ 374.47579956 -151.46386719],[ 382.14593506 -151.49530029]
306,9.835867091051211,7.670261065800594,72.04293260603717,[ 311.49560547 -151.20585632],[ 366.0319519  -151.42936707],[ 375.86773682 -151.46957397],[ 383.53793335 -151.5010376 ]
307,9.83644723234207,7.670260753220152,72.0464420980642,[ 312.88406372 -151.21151733],[ 367.42333984 -151.43502808],[ 377.25970459 -151.47531128],[ 384.92990112 -151.50669861]
308,9.837027061464374,7.670260878161265,72.0497991910401,[ 314.27270508 -151.21717834],[ 368.8147583  -151.44070435],[ 378.65170288 -151.48098755],[ 386.32189941 -151.5124054 ]
309,9.837606953081037,7.670260940677354,72.05312564165413,[ 315.66137695 -151.22285461],[ 370.20617676 -151.44636536],[ 380.04370117 -151.48666382],[ 387.71389771 -151.51809692]
310,9.838217612327448,7.670260628400456,72.05626892581391,[ 317.05023193 -151.22851562],[ 371.5975647  -151.45202637],[ 381.43569946 -151.49240112],[ 389.105896   -151.52375793]
311,9.838797629385013,7.670260815675531,72.05941220997597,[ 318.43908691 -151.23426819],[ 372.98898315 -151.45768738],[ 382.82769775 -151.49810791],[ 390.49789429 -151.5295105 ]
312,9.839377521171958,7.670322288354363,72.06240309509238,[ 319.828125   -151.23999023],[ 374.38037109 -151.46333313],[ 384.21966553 -151.50376892],[ 391.8899231  -151.53527832]
313,9.840079482256797,7.670383072510289,72.06551586192883,[ 321.2171936 -151.2456665],[ 375.77178955 -151.46905518],[ 385.61178589 -151.50950623],[ 393.28210449 -151.54095459]
314,9.840781255226519,7.67038276008659,72.06850655947969,[ 322.60638428 -151.25132751],[ 377.16326904 -151.474823  ],[ 387.00396729 -151.51524353],[ 394.67428589 -151.5466156 ]
315,9.841147150008629,7.670382822510622,72.07143622238868,[ 323.99563599 -151.25701904],[ 378.55508423 -151.48057556],[ 388.39614868 -151.5209198 ],[ 396.06646729 -151.55230713]
316,9.841574142495984,7.670352680371118,72.07427433333369,[ 325.38497925 -151.26277161],[ 379.9468689  -151.48629761],[ 389.7883606  -151.52658081],[ 397.45864868 -151.55805969]
317,9.84197111769458,7.670383009964842,72.07702095482894,[ 326.77444458 -151.26844788],[ 381.33865356 -151.49197388],[ 391.18054199 -151.53231812],[ 398.8508606  -151.56375122]
318,9.842429253222203,7.670474187299697,72.07992016293436,[ 328.16390991 -151.27410889],[ 382.73046875 -151.49765015],[ 392.57281494 -151.53808594],[ 400.2432251  -151.56942749]
319,9.843009145009589,7.670504579989469,72.08288059325074,[ 329.55334473 -151.2797699 ],[ 384.12225342 -151.50338745],[ 393.96517944 -151.5438385 ],[ 401.63562012 -151.57514954]
320,9.843588848736799,7.67047431205521,72.08544398576795,[ 330.94314575 -151.28552246],[ 385.5140686  -151.50909424],[ 395.35757446 -151.54951477],[ 403.02798462 -151.58088684]
321,9.84416861519165,7.670504891801125,72.08797686097238,[ 332.33300781 -151.29121399],[ 386.90585327 -151.51477051],[ 396.74993896 -151.55517578],[ 404.42037964 -151.58656311]
322,9.844778711299858,7.670504891801125,72.09054037853602,[ 333.72283936 -151.296875  ],[ 388.29763794 -151.52050781],[ 398.14233398 -151.56085205],[ 405.81277466 -151.59223938]
323,9.845358415408256,7.670474436932136,72.09304286145601,[ 335.11270142 -151.3026123 ],[ 389.68945312 -151.52627563],[ 399.534729   -151.56658936],[ 407.20513916 -151.59799194]
324,9.845938057209278,7.670505016738262,72.09560631650258,[ 336.50253296 -151.30830383],[ 391.08123779 -151.53199768],[ 400.92709351 -151.57226562],[ 408.59753418 -151.60368347]
325,9.846518073656316,7.67047431205521,72.09789517816832,[ 337.89260864 -151.31396484],[ 392.47305298 -151.53767395],[ 402.31948853 -151.57798767],[ 409.98989868 -151.60935974]
326,9.84709796526205,7.6705052043716195,72.10006209559049,[ 339.28283691 -151.31968689],[ 393.86483765 -151.54333496],[ 403.71185303 -151.58366394],[ 411.3822937  -151.61512756]
327,9.847739016600448,7.670627086026809,72.10238147458162,[ 340.67306519 -151.32536316],[ 395.25662231 -151.54902649],[ 405.10427856 -151.58940125],[ 412.77484131 -151.62081909]
328,9.848227168681264,7.670627086026809,72.10470060348872,[ 342.06332397 -151.33108521],[ 396.64871216 -151.55473328],[ 406.49685669 -151.59507751],[ 414.16741943 -151.62649536]
329,9.84862376890207,7.670626961091661,72.1070504997979,[ 343.45355225 -151.33676147],[ 398.04089355 -151.56048584],[ 407.88943481 -151.60079956],[ 415.55999756 -151.63218689]
330,9.849020431649137,7.670627273657181,72.10940058367319,[ 344.84378052 -151.342453  ],[ 399.43307495 -151.56617737],[ 409.28201294 -151.60647583],[ 416.95257568 -151.63793945]
331,9.849417219286485,7.670627273657181,72.11153642111587,[ 346.23422241 -151.34822083],[ 400.82525635 -151.57183838],[ 410.67459106 -151.6121521 ],[ 418.34515381 -151.64361572]
332,9.849814006942708,7.670627273657181,72.1134895922348,[ 347.62484741 -151.35389709],[ 402.21743774 -151.57751465],[ 412.06716919 -151.61784363],[ 419.73773193 -151.64930725]
333,9.850180590074846,7.670627336261344,72.11544307593772,[ 349.01547241 -151.35957336],[ 403.60964966 -151.58317566],[ 413.45974731 -151.62359619],[ 421.13031006 -151.65507507]
334,9.850577628607832,7.670657665861807,72.11742682691552,[ 350.40609741 -151.36523438],[ 405.00183105 -151.58883667],[ 414.85232544 -151.6293335 ],[ 422.5229187 -151.6607666]
335,9.851096109711008,7.670718700505599,72.11956310197706,[ 351.79672241 -151.37089539],[ 406.39401245 -151.59458923],[ 416.24502563 -151.63500977],[ 423.91567993 -151.66644287]
336,9.851706080929912,7.670718825621373,72.12172958174045,[ 353.18734741 -151.37666321],[ 407.78619385 -151.60035706],[ 417.63781738 -151.64068604],[ 425.30847168 -151.67214966]
337,9.852286097541858,7.670718825621373,72.12386598183757,[ 354.57797241 -151.38237   ],[ 409.17837524 -151.60606384],[ 419.03057861 -151.6464386 ],[ 426.70123291 -151.67790222]
338,9.852835597023663,7.670749092833633,72.12584960776336,[ 355.96878052 -151.38803101],[ 410.57058716 -151.61174011],[ 420.42333984 -151.65216064],[ 428.09402466 -151.68356323]
339,9.85344569326269,7.670718700505599,72.12758897007957,[ 357.35980225 -151.39375305],[ 411.96276855 -151.61746216],[ 421.81613159 -151.65782166],[ 429.48678589 -151.68925476]
340,9.85402545989921,7.670719013522679,72.12932877003816,[ 358.75082397 -151.39942932],[ 413.35494995 -151.62315369],[ 423.20889282 -151.66349792],[ 430.87954712 -151.69500732]
341,9.854636118984311,7.670718700505599,72.1311293545588,[ 360.14181519 -151.40509033],[ 414.74713135 -151.62882996],[ 424.60168457 -151.66925049],[ 432.27233887 -151.70068359]
342,9.855215822972832,7.670718637993241,72.13286871685445,[ 361.53283691 -151.41079712],[ 416.13931274 -151.634552  ],[ 425.9944458  -151.67494202],[ 433.6651001  -151.70635986]
343,9.855765134766056,7.67074928036996,72.1346386590079,[ 362.92385864 -151.41656494],[ 417.53152466 -151.64027405],[ 427.38720703 -151.68066406],[ 435.05789185 -151.71211243]
344,9.856375543743717,7.67071876304831,72.13637833392433,[ 364.31488037 -151.42222595],[ 418.92370605 -151.64596558],[ 428.77999878 -151.68637085],[ 436.45065308 -151.71781921]
345,9.856955185317739,7.670718825621373,72.13811782127362,[ 365.7059021  -151.42790222],[ 420.31588745 -151.65167236],[ 430.17276001 -151.69203186],[ 437.84341431 -151.72349548]
346,9.857565531764235,7.670718700505599,72.13985730862363,[ 367.09695435 -151.43362427],[ 421.70806885 -151.65742493],[ 431.56555176 -151.69778442],[ 439.23620605 -151.72921753]
347,9.858084638890757,7.670718637993241,72.14123065063433,[ 368.48834229 -151.43934631],[ 423.10031128 -151.6631012 ],[ 432.95831299 -151.70353699],[ 440.62896729 -151.73495483]
348,9.858267805418176,7.67074915531539,72.14260399264631,[ 369.87976074 -151.44500732],[ 424.4928894  -151.66876221],[ 434.35107422 -151.70921326],[ 442.02175903 -151.7406311 ]
349,9.858481113914717,7.670840769793209,72.14409909134278,[ 371.27114868 -151.45074463],[ 425.88546753 -151.67449951],[ 435.74386597 -151.71487427],[ 443.41464233 -151.74630737]
350,9.858878089247687,7.670840769793209,72.14565566231491,[ 372.66256714 -151.45645142],[ 427.27804565 -151.68019104],[ 437.13684082 -151.72062683],[ 444.80761719 -151.75205994]
351,9.859244234535916,7.670840832334924,72.14718171598668,[ 374.0539856  -151.46211243],[ 428.67062378 -151.68589783],[ 438.52978516 -151.72631836],[ 446.20056152 -151.75776672]
352,9.85964077215926,7.670840644800835,72.14876824161423,[ 375.44537354 -151.46786499],[ 430.0632019  -151.69165039],[ 439.92276001 -151.73202515],[ 447.59353638 -151.76342773]
353,9.860037684899451,7.670840644800835,72.15032487509463,[ 376.83679199 -151.47355652],[ 431.45578003 -151.69735718],[ 441.31573486 -151.73777771],[ 448.98651123 -151.7691803 ]
354,9.860434472643243,7.670840832334924,72.15191202593827,[ 378.22817993 -151.47921753],[ 432.84835815 -151.70301819],[ 442.70870972 -151.74345398],[ 450.37948608 -151.77490234]
355,9.860831072728562,7.670840894906991,72.15346809674142,[ 379.61959839 -151.48497009],[ 434.24093628 -151.70870972],[ 444.10168457 -151.74911499],[ 451.77246094 -151.78057861]
356,9.861197218082271,7.670840707281846,72.15499390033057,[ 381.01101685 -151.49067688],[ 435.6335144  -151.71446228],[ 445.49462891 -151.75485229],[ 453.16540527 -151.78627014]
357,9.861594193440105,7.670840644800835,72.156245485645,[ 382.40274048 -151.49633789],[ 437.02609253 -151.72016907],[ 446.88760376 -151.76062012],[ 454.55838013 -151.79202271]
358,9.861990918618291,7.670840707281846,72.15743572372769,[ 383.79452515 -151.50201416],[ 438.41867065 -151.72584534],[ 448.28057861 -151.76629639],[ 455.95135498 -151.79771423]
359,9.862387331168614,7.670840769793209,72.15862596181188,[ 385.18630981 -151.50767517],[ 439.81124878 -151.73158264],[ 449.67355347 -151.7719574 ],[ 457.34432983 -151.8033905 ]
360,9.862784118835812,7.670840894906991,72.15978562004263,[ 386.578125   -151.51342773],[ 441.2038269  -151.73728943],[ 451.06652832 -151.77767944],[ 458.73730469 -151.80914307]
361,9.863150576832995,7.670840769793209,72.16094502817762,[ 387.96990967 -151.5191803 ],[ 442.59640503 -151.74295044],[ 452.45947266 -151.78340149],[ 460.13024902 -151.81483459]
362,9.863546926973397,7.670840832334924,72.16210468641302,[ 389.36172485 -151.52485657],[ 443.98898315 -151.748703  ],[ 453.85244751 -151.7890625 ],[ 461.52322388 -151.82051086]
363,9.86394383957365,7.670840769793209,72.1632951745887,[ 390.75350952 -151.53051758],[ 445.38156128 -151.75440979],[ 455.24542236 -151.79481506],[ 462.91619873 -151.82624817]
364,9.864371332276917,7.670962776570483,72.16463781169641,[ 392.14529419 -151.53627014],[ 446.7741394  -151.76008606],[ 456.63842773 -151.80055237],[ 464.30932617 -151.83197021]
365,9.864951223986443,7.670962776570483,72.16598038630727,[ 393.53710938 -151.54199219],[ 448.16671753 -151.76574707],[ 458.03158569 -151.80622864],[ 465.70248413 -151.83764648]
366,9.86553086535956,7.670962839080851,72.16735385334876,[ 394.92889404 -151.5476532 ],[ 449.55929565 -151.77148438],[ 459.42474365 -151.81192017],[ 467.09564209 -151.84335327]
367,9.866141149270181,7.6709629016215715,72.16872750801764,[ 396.32070923 -151.55332947],[ 450.95187378 -151.7772522 ],[ 460.81793213 -151.81767273],[ 468.48883057 -151.84912109]
368,9.866720915890534,7.6709629641926425,72.17010097512926,[ 397.7124939  -151.55899048],[ 452.3444519  -151.78295898],[ 462.21109009 -151.82336426],[ 469.88198853 -151.85482788]
369,9.867300682542398,7.670963089425841,72.17147406698028,[ 399.10427856 -151.56472778],[ 453.73703003 -151.78863525],[ 463.60424805 -151.82902527],[ 471.27514648 -151.86051941]
370,9.86788063662745,7.670993481514061,72.17272515210861,[ 400.49621582 -151.57048035],[ 455.12960815 -151.7943573 ],[ 464.99740601 -151.83477783],[ 472.66833496 -151.86624146]
371,9.868460590792761,7.671023936264906,72.1737322862614,[ 401.88839722 -151.57617188],[ 456.52218628 -151.80004883],[ 466.39056396 -151.84049988],[ 474.06152344 -151.87194824]
372,9.869070687247673,7.670993920359664,72.1747092783602,[ 403.28057861 -151.58184814],[ 457.9147644  -151.80577087],[ 467.78375244 -151.84616089],[ 475.4546814  -151.87773132]
373,9.869650641312058,7.670963214780446,72.17565494007121,[ 404.67276001 -151.58760071],[ 459.30734253 -151.81144714],[ 469.1769104  -151.85186768],[ 476.84780884 -151.88339233]
374,9.87023084578506,7.670932321758937,72.1766006019084,[ 406.06494141 -151.59335327],[ 460.69992065 -151.81710815],[ 470.57006836 -151.85762024],[ 478.24093628 -151.88905334]
375,9.870810612271761,7.670901367498357,72.17751549660126,[ 407.45715332 -151.59912109],[ 462.09249878 -151.82284546],[ 471.96322632 -151.86334229],[ 479.63406372 -151.89466858]
376,9.871451538628884,7.670870414721552,72.17852238081193,[ 408.84933472 -151.6047821 ],[ 463.4850769  -151.82855225],[ 473.35644531 -151.86906433],[ 481.0272522  -151.90028381]
377,9.8720317438622,7.670931139247376,72.1795599697726,[ 410.24151611 -151.61045837],[ 464.87765503 -151.83421326],[ 474.74960327 -151.87481689],[ 482.42047119 -151.90596008]
378,9.872611635709852,7.670931139247376,72.18053652408875,[ 411.63369751 -151.61613464],[ 466.27023315 -151.83987427],[ 476.14276123 -151.88049316],[ 483.81362915 -151.91163635]
379,9.873160633883048,7.670962028813495,72.18151345326815,[ 413.02587891 -151.62179565],[ 467.66281128 -151.84561157],[ 477.53588867 -151.88615417],[ 485.20678711 -151.91738892]
380,9.873679303075418,7.671023187785434,72.18245986523166,[ 414.41809082 -151.62745667],[ 469.0553894  -151.85136414],[ 478.9289856  -151.89187622],[ 486.59994507 -151.92314148]
381,9.874289461796128,7.670993044155685,72.18343685714912,[ 415.81027222 -151.63311768],[ 470.44796753 -151.85708618],[ 480.32217407 -151.89755249],[ 487.99310303 -151.9289093 ]
382,9.87493020054513,7.6709629016215715,72.18444417890277,[ 417.20245361 -151.63882446],[ 471.84054565 -151.86279297],[ 481.71539307 -151.90322876],[ 489.3862915  -151.93467712]
383,9.875479325018123,7.670963214780446,72.18542073320057,[ 418.59463501 -151.64457703],[ 473.2331543  -151.86851501],[ 483.10855103 -151.90890503],[ 490.77944946 -151.94042969]
384,9.87605915415317,7.670963340256459,72.18639735003767,[ 419.98681641 -151.65034485],[ 474.62573242 -151.87426758],[ 484.50170898 -151.91465759],[ 492.17260742 -151.94621277]
385,9.876639233077551,7.670963026794066,72.18734326194001,[ 421.37902832 -151.65605164],[ 476.01831055 -151.87995911],[ 485.89486694 -151.92041016],[ 493.56576538 -151.95188904]
386,9.87703614584746,7.670962839080851,72.18831981623934,[ 422.77120972 -151.66171265],[ 477.41107178 -151.88562012],[ 487.2880249  -151.92611694],[ 494.95892334 -151.95755005]
387,9.877310676667557,7.670962839080851,72.18932663775979,[ 424.16339111 -151.66744995],[ 478.8039856 -151.8913269],[ 488.68121338 -151.93179321],[ 496.35211182 -151.96322632]
388,9.8774634509218,7.670962651640801,72.1903031295466,[ 425.55557251 -151.67315674],[ 480.19699097 -151.89701843],[ 490.07437134 -151.93753052],[ 497.74526978 -151.96891785]
389,9.87761610012325,7.6709629641926425,72.19128012152694,[ 426.94775391 -151.67881775],[ 481.58999634 -151.9026947 ],[ 491.4675293  -151.94322205],[ 499.13842773 -151.97468567]
390,9.877798828845949,7.670963152087968,72.19198183233597,[ 428.34020996 -151.68458557],[ 482.98297119 -151.90846252],[ 492.86068726 -151.94889832],[ 500.53158569 -151.98040771]
391,9.878012575074251,7.670962839080851,72.19256153640742,[ 429.73278809 -151.69029236],[ 484.37591553 -151.91418457],[ 494.25384521 -151.95465088],[ 501.92474365 -151.98608398]
392,9.8782263839583,7.670962776570483,72.19317200789061,[ 431.12536621 -151.69596863],[ 485.76889038 -151.91986084],[ 495.64703369 -151.96037292],[ 503.31793213 -151.99179077]
393,9.878409175294733,7.670963089425841,72.1937519620628,[ 432.51794434 -151.70167542],[ 487.16186523 -151.92559814],[ 497.04019165 -151.96603394],[ 504.71109009 -151.99752808]
394,9.878592216782861,7.670962839080851,72.19433141605293,[ 433.91052246 -151.70744324],[ 488.55484009 -151.93135071],[ 498.43334961 -151.97177124],[ 506.10424805 -152.00320435]
395,9.878775320718834,7.670962526832526,72.19491118266247,[ 435.30310059 -151.71313477],[ 489.94781494 -151.93710327],[ 499.82650757 -151.9775238 ],[ 507.49740601 -152.00888062]
396,9.878989066889353,7.670962402145658,72.1954909492763,[ 436.69567871 -151.71881104],[ 491.34075928 -151.94276428],[ 501.21966553 -151.98321533],[ 508.89056396 -152.01454163]
397,9.879202625679097,7.670962402145658,72.19610104573103,[ 438.08825684 -151.72453308],[ 492.73373413 -151.94844055],[ 502.612854   -151.98887634],[ 510.28375244 -152.02020264]
398,9.879385792079283,7.670962714090466,72.19668106233696,[ 439.48083496 -151.73023987],[ 494.12670898 -151.95410156],[ 504.00601196 -151.99455261],[ 511.6769104 -152.0259552]
399,9.879568646298493,7.670963026794066,72.19726126650959,[ 440.87341309 -151.73590088],[ 495.51968384 -151.95983887],[ 505.39916992 -152.00022888],[ 513.07006836 -152.03170776]
400,9.879751750237082,7.670993544115235,72.1978716129491,[ 442.26599121 -151.74165344],[ 496.91265869 -151.96559143],[ 506.79232788 -152.00598145],[ 514.46325684 -152.03746033]
401,9.879965746197234,7.671024061436406,72.19848220948374,[ 443.65856934 -151.74736023],[ 498.30560303 -151.9712677 ],[ 508.18548584 -152.01174927],[ 515.85644531 -152.04322815]
